1 284 337
2 284 338
3 284 338
4 284 338
5 284 338
6 284 338
7 284 338
8 284 338
9 284 338
10 284 338
11 284 338
12 284 338
13 284 338
14 284 338
15 284 338
16 284 338
17 284 338
18 284 338
19 284 338
20 284 338
21 284 338
22 284 338
23 284 338
24 284 338
25 284 338
26 284 338
27 284 338
28 284 338
29 284 338
30 284 338
31 284 338
32 284 338
33 284 338
34 284 338
35 284 338
36 284 338
37 284 338
38 284 338
39 284 338
40 284 337
41 284 337
42 284 337
43 284 337
44 284 337
45 284 337
46 284 337
47 284 337
48 284 337
49 284 337
50 284 337
51 284 337
52 284 337
53 284 337
54 284 337
55 284 337
56 284 337
57 284 337
58 284 337
59 284 337
60 284 337
61 284 337
62 284 337
63 284 337
64 284 337
65 283 337
66 283 337
67 283 337
68 283 337
69 283 337
70 283 337
71 283 337
72 283 337
73 283 337
74 283 337
75 283 337
76 283 337
77 283 337
78 283 337
79 283 337
80 283 336
81 283 336
82 283 336
83 283 336
84 283 336
85 283 336
86 283 336
87 283 336
88 283 335
89 283 335
90 284 335
91 284 334
92 284 334
93 284 333
94 284 333
95 284 332
96 284 332
97 285 331
98 285 331
99 285 330
100 286 329
101 286 328
102 286 328
103 286 327
104 287 326
105 287 325
106 287 324
107 287 323
108 287 323
109 287 322
110 288 321
111 288 320
112 288 320
113 288 319
114 288 319
115 288 318
116 288 318
117 288 317
118 288 317
119 288 317
120 288 316
121 288 316
122 288 315
123 288 315
124 288 315
125 288 315
126 288 314
127 288 314
128 288 314
129 288 314
130 288 313
131 287 313
132 287 313
133 287 313
134 287 313
135 287 313
136 287 313
137 287 313
138 287 313
139 286 313
140 286 313
141 286 314
142 286 314
143 286 314
144 286 314
145 286 314
146 286 314
147 286 314
148 285 314
149 285 314
150 285 314
151 285 314
152 285 314
153 285 314
154 285 314
155 285 314
156 285 314
157 285 314
158 284 314
159 284 314
160 284 315
161 284 315
162 284 315
163 284 315
164 284 315
165 284 315
166 284 315
167 284 315
168 284 315
169 284 315
170 284 315
171 284 315
172 284 315
173 285 315
174 285 315
175 285 315
176 285 315
177 285 316
178 285 316
179 285 316
180 285 316
181 285 316
182 285 316
183 285 316
184 285 316
185 285 316
186 285 316
187 285 316
188 286 316
189 286 316
190 286 316
191 286 316
192 286 316
193 286 316
194 286 316
195 286 316
196 286 316
197 286 316
198 286 317
199 286 317
200 286 317
201 286 317
202 286 317
203 286 317
204 286 317
205 286 317
206 286 317
207 286 317
208 286 318
209 286 318
210 286 318
211 286 318
212 286 318
213 286 318
214 286 318
215 286 318
216 286 318
217 286 318
218 286 318
219 286 318
220 286 318
221 286 318
222 286 318
223 287 318
224 287 318
225 287 318
226 287 318
227 287 318
228 287 318
229 287 318
230 287 318
231 287 318
232 287 318
233 287 318
234 287 318
235 288 318
236 288 318
237 288 318
238 288 318
239 288 318
240 288 318
241 288 317
242 288 317
243 288 317
244 288 317
245 289 317
246 289 317
247 289 317
248 289 317
249 289 316
250 289 316
251 290 316
252 290 316
253 290 316
254 290 316
255 290 316
256 290 316
257 291 316
258 291 316
259 291 316
260 292 316
261 292 316
262 292 316
263 293 317
264 293 317
265 294 317
266 294 317
267 295 317
268 295 317
269 296 317
270 297 318
271 297 318
272 298 318
273 299 318
274 300 318
275 300 318
276 301 319
277 302 319
278 303 319
279 303 319
280 304 320
281 305 320
282 306 320
283 307 320
284 308 320
285 309 321
286 310 321
287 311 321
288 312 321
289 313 321
290 313 321
291 314 321
292 315 321
293 315 321
294 316 321
295 316 321
296 317 321
297 317 321
298 318 321
299 318 321
300 318 320
301 318 321
302 318 320
303 319 320
304 319 320
305 319 320
306 319 320
307 318 320
308 318 320
309 318 320
310 318 320
311 318 320
312 318 320
313 317 320
314 317 320
315 317 320
316 317 320
317 317 320
318 316 320
319 316 320
320 316 320
321 316 320
322 315 320
323 315 320
324 315 320
325 315 320
326 315 320
327 315 320
328 314 320
329 314 320
330 314 320
331 314 321
332 313 321
333 313 321
334 312 321
335 312 321
336 311 321
337 311 321
338 311 321
339 310 321
340 310 321
341 309 321
342 309 321
343 308 321
344 308 321
345 307 321
346 307 322
347 307 322
348 306 322
349 306 322
350 305 322
351 305 322
352 305 322
353 305 322
354 304 322
355 304 322
356 304 322
357 303 322
358 303 322
359 303 322
360 303 322
361 302 321
362 302 321
363 302 321
364 301 321
365 301 321
366 301 321
367 300 321
368 300 320
369 299 320
370 299 320
371 298 320
372 298 320
373 297 319
374 297 319
375 296 319
376 296 319
377 295 319
378 295 319
379 294 319
380 293 319
381 293 318
382 292 318
383 292 318
384 291 318
385 291 318
386 290 318
387 290 318
388 289 318
389 289 318
390 288 317
391 288 317
392 288 317
393 288 317
394 287 317
395 287 317
396 287 317
397 286 317
398 286 317
399 286 317
400 286 317
401 285 317
402 285 317
403 285 317
404 285 317
405 284 317
406 284 317
407 284 317
408 283 317
409 283 317
410 282 317
411 282 317
412 282 317
413 282 317
414 282 317
415 281 318
416 281 318
417 281 318
418 281 318
419 281 318
420 280 318
421 280 318
422 280 318
423 280 318
424 280 318
425 280 318
426 280 318
427 280 318
428 281 318
429 281 318
430 281 318
431 281 318
432 281 318
433 281 318
434 281 318
435 281 318
436 281 318
437 282 318
438 282 318
439 282 318
440 282 319
441 282 319
442 282 319
443 282 319
444 282 319
445 281 319
446 281 319
447 281 319
448 281 319
449 281 319
450 280 319
451 280 319
452 280 319
453 280 319
454 280 319
455 280 319
456 280 319
457 280 319
458 280 319
459 280 319
460 280 319
461 280 319
462 280 319
463 281 319
464 281 319
465 281 319
466 281 319
467 281 319
468 281 319
469 281 319
470 282 319
471 282 319
472 282 319
473 282 319
474 282 319
475 282 319
476 282 319
477 282 319
478 283 319
479 283 319
480 283 319
481 283 319
482 283 319
483 283 319
484 283 319
485 283 319
486 283 319
487 283 319
488 283 319
489 283 319
490 283 319
491 283 318
492 283 318
493 283 318
494 283 318
495 283 318
496 284 318
497 284 318
498 284 318
499 284 318
500 284 318
501 284 318
502 285 317
503 285 317
504 285 317
505 286 317
506 286 317
507 286 317
508 287 317
509 287 317
510 287 317
511 288 317
512 288 317
513 288 317
514 288 317
515 288 316
516 288 316
517 288 316
518 288 316
519 288 316
520 288 315
521 288 315
522 288 315
523 288 315
524 288 315
525 288 315
526 288 315
527 288 315
528 288 315
529 287 315
530 287 315
531 287 315
532 287 315
533 287 315
534 287 315
535 287 315
536 287 315
537 286 315
538 286 315
539 286 315
540 286 315
541 286 315
542 286 315
543 286 315
544 286 315
545 286 315
546 286 315
547 286 315
548 285 315
549 285 315
550 285 315
551 286 315
552 285 315
553 285 315
554 285 315
555 286 315
556 286 315
557 286 315
558 286 315
559 286 315
560 286 315
561 286 315
562 286 315
563 286 315
564 286 315
565 286 315
566 287 315
567 287 315
568 287 315
569 287 315
570 287 315
571 287 315
572 287 315
573 287 315
574 287 315
575 287 315
576 287 315
577 287 315
578 287 315
579 288 315
580 288 315
581 288 315
582 288 315
583 288 315
584 288 315
585 288 315
586 288 315
587 289 315
588 289 315
589 289 315
590 289 315
591 289 315
592 289 315
593 289 315
594 289 315
595 289 315
596 289 315
597 289 314
598 289 314
599 289 314
600 289 314
601 288 314
602 288 314
603 288 314
604 288 314
605 288 314
606 288 314
607 288 314
608 288 314
609 288 314
610 288 314
611 287 314
612 287 314
613 287 314
614 287 314
615 287 315
616 287 315
617 287 315
618 287 315
619 287 316
620 287 316
621 287 316
622 287 317
623 287 317
624 287 317
625 286 318
626 286 318
627 286 319
628 286 319
629 286 320
630 286 320
631 286 321
632 286 321
633 286 322
634 286 322
635 286 323
636 286 323
637 286 324
638 286 324
639 286 324
640 286 324
641 286 325
642 286 325
643 286 325
644 286 325
645 286 326
646 287 326
647 287 326
648 287 326
649 287 327
650 287 327
651 287 327
652 287 328
653 287 328
654 287 328
655 287 329
656 287 329
657 287 329
658 287 329
659 287 330
660 287 330
661 287 330
662 287 330
663 287 330
664 287 330
665 287 330
666 287 330
667 287 330
668 287 330
669 287 330
670 287 330
671 287 330
672 287 330
673 287 330
674 287 330
675 287 330
676 286 330
677 286 330
678 286 330
679 286 330
680 286 331
681 286 331
682 286 331
683 286 331
684 286 331
685 286 331
686 286 331
687 286 331
688 287 331
689 287 331
690 287 331
691 287 331
692 287 332
693 287 332
694 287 332
695 287 332
696 288 332
697 288 332
698 288 333
699 288 333
700 288 333
701 289 333
702 289 333
703 289 334
704 289 334
705 289 334
706 290 334
707 290 334
708 290 335
709 290 335
710 290 335
711 291 335
712 291 336
713 291 336
714 291 336
715 291 336
716 291 336
717 291 336
718 291 336
719 291 336
720 291 336
721 291 336
722 291 336
723 290 335
724 290 335
725 290 335
726 290 335
727 290 335
728 290 335
729 290 334
730 290 334
731 290 334
732 290 334
733 290 334
734 289 334
735 289 334
736 290 334
737 290 334
738 290 334
739 290 333
740 290 333
741 290 333
742 290 333
743 290 333
744 290 333
745 290 333
746 290 333
747 290 333
748 290 333
749 290 333
750 290 333
751 290 333
752 290 333
753 290 333
754 290 333
755 290 333
756 290 333
757 290 333
758 290 333
759 290 333
760 290 333
761 290 333
762 290 333
763 291 333
764 291 333
765 291 333
766 291 333
767 291 333
768 291 333
769 291 333
770 291 333
771 291 333
772 291 333
773 291 333
774 291 333
775 291 332
776 291 332
777 291 332
778 292 332
779 292 332
780 292 332
781 292 332
782 292 332
783 292 332
784 292 332
785 292 332
786 292 331
787 292 331
788 292 331
789 292 331
790 291 331
791 291 331
792 291 331
793 291 331
794 291 331
795 291 331
796 291 332
797 291 332
798 291 332
799 291 332
800 291 332
801 291 332
802 291 332
803 291 332
804 291 332
805 291 332
806 291 332
807 291 331
808 291 331
809 291 331
810 291 331
811 291 331
812 291 330
813 291 330
814 291 330
815 291 330
816 291 329
817 291 329
818 291 329
819 291 329
820 291 328
821 291 328
822 291 328
823 291 328
824 291 327
825 291 327
826 291 326
827 291 326
828 291 326
829 291 325
830 292 325
831 292 324
832 292 324
833 292 324
834 292 324
835 292 324
836 292 323
837 293 323
838 293 323
839 293 323
840 293 323
841 293 323
842 293 324
843 294 324
844 294 324
845 294 324
846 294 325
847 295 325
848 295 325
849 295 325
850 295 326
851 296 326
852 296 326
853 296 326
854 297 326
855 297 326
856 297 326
857 298 326
858 298 327
859 299 327
860 299 327
861 299 327
862 300 327
863 300 327
864 301 327
865 301 327
866 302 327
867 302 327
868 303 327
869 303 327
870 304 327
871 304 327
872 304 327
873 305 326
874 305 326
875 305 326
876 305 326
877 305 325
878 305 325
879 305 325
880 305 324
881 305 324
882 305 323
883 305 323
884 305 323
885 305 322
886 305 322
887 305 322
888 305 321
889 304 321
890 304 321
891 304 321
892 304 320
893 305 320
894 305 320
895 305 320
896 305 320
897 305 319
898 305 319
899 305 319
900 305 319
901 305 318
902 305 318
903 305 318
904 305 318
905 305 318
906 305 317
907 305 317
908 304 317
909 304 317
910 304 317
911 304 316
912 304 316
913 303 316
914 303 316
915 303 315
916 303 315
917 303 315
918 302 315
919 302 315
920 302 314
921 302 314
922 301 314
923 301 314
924 301 314
925 301 314
926 301 313
927 300 313
928 300 313
929 300 313
930 300 313
931 300 313
932 299 312
933 299 312
934 299 312
935 299 312
936 299 312
937 299 312
938 298 312
939 298 312
940 298 312
941 298 312
942 298 312
943 298 311
944 298 311
945 298 311
946 298 311
947 297 311
948 297 311
949 297 311
950 297 311
951 297 311
952 297 311
953 297 311
954 296 311
955 296 310
956 296 310
957 296 311
958 296 311
959 296 311
960 295 311
961 295 311
962 295 311
963 295 311
964 295 311
965 295 311
966 295 311
967 295 311
968 295 311
969 295 311
970 295 312
971 295 312
972 294 312
973 294 312
974 294 312
975 294 312
976 294 312
977 294 312
978 294 313
979 294 313
980 294 313
981 294 313
982 294 313
983 294 313
984 294 313
985 294 314
986 294 314
987 294 314
988 294 314
989 294 314
990 294 314
991 294 314
992 294 314
993 294 315
994 294 315
995 294 315
996 294 315
997 294 315
998 294 315
999 294 315
1000 294 315
1001 302 316
1002 294 316
1003 294 316
1004 294 316
1005 294 316
1006 293 316
1007 293 317
1008 293 317
1009 293 317
1010 293 317
1011 293 317
1012 293 318
1013 294 318
1014 293 318
1015 293 318
1016 293 318
1017 294 318
1018 294 319
1019 294 319
1020 294 319
1021 294 319
1022 294 319
1023 294 319
1024 294 320
1025 294 320
1026 294 320
1027 294 320
1028 294 320
1029 294 321
1030 294 321
1031 294 321
1032 294 321
1033 294 322
1034 294 322
1035 294 322
1036 294 322
1037 294 323
1038 294 323
1039 294 323
1040 295 323
1041 295 323
1042 295 324
1043 295 324
1044 295 324
1045 295 324
1046 295 324
1047 295 324
1048 295 325
1049 295 325
1050 295 325
1051 296 325
1052 296 325
1053 296 325
1054 296 325
1055 296 325
1056 296 325
1057 297 325
1058 297 326
1059 297 326
1060 297 326
1061 297 326
1062 297 326
1063 297 326
1064 297 326
1065 297 326
1066 298 326
1067 298 326
1068 298 326
1069 298 325
1070 298 325
1071 298 325
1072 298 325
1073 299 325
1074 299 325
1075 299 325
1076 299 325
1077 299 325
1078 299 325
1079 299 325
1080 299 325
1081 299 324
1082 299 324
1083 299 324
1084 299 324
1085 299 324
1086 300 324
1087 300 324
1088 300 324
1089 300 324
1090 300 323
1091 300 323
1092 299 323
1093 299 323
1094 300 323
1095 300 323
1096 300 323
1097 300 323
1098 300 323
1099 300 323
1100 300 323
1101 300 323
1102 300 323
1103 300 323
1104 300 323
1105 301 324
1106 301 324
1107 301 323
1108 301 323
1109 301 323
1110 301 323
1111 301 323
1112 302 322
1113 302 322
1114 302 322
1115 302 322
1116 302 321
1117 302 321
1118 302 321
1119 302 321
1120 302 320
1121 302 320
1122 301 320
1123 302 320
1124 301 319
1125 301 319
1126 301 319
1127 301 319
1128 301 319
1129 301 319
1130 301 319
1131 301 319
1132 301 319
1133 301 319
1134 301 319
1135 301 319
1136 301 319
1137 301 319
1138 301 319
1139 300 319
1140 300 319
1141 300 319
1142 300 319
1143 300 319
1144 300 319
1145 300 319
1146 300 319
1147 300 319
1148 300 319
1149 300 319
1150 300 320
1151 300 320
1152 300 320
1153 300 320
1154 300 320
1155 300 320
1156 300 321
1157 300 321
1158 300 321
1159 300 321
1160 300 321
1161 300 321
1162 300 321
1163 300 321
1164 300 321
1165 300 321
1166 300 321
1167 300 321
1168 300 321
1169 301 321
1170 301 321
1171 301 321
1172 301 321
1173 301 321
1174 301 321
1175 301 321
1176 301 321
1177 301 321
1178 301 321
1179 301 321
1180 301 321
1181 301 321
1182 301 321
1183 301 321
1184 301 321
1185 301 321
1186 302 321
1187 302 321
1188 302 321
1189 302 321
1190 302 321
1191 302 321
1192 302 321
1193 302 321
1194 302 321
1195 302 320
1196 302 320
1197 303 320
1198 303 320
1199 302 320
1200 303 320
1201 303 320
1202 302 320
1203 302 320
1204 302 320
1205 302 320
1206 302 320
1207 302 320
1208 302 320
1209 302 320
1210 302 320
1211 302 320
1212 301 320
1213 301 320
1214 301 320
1215 301 320
1216 301 320
1217 300 321
1218 300 321
1219 300 321
1220 300 321
1221 299 321
1222 299 321
1223 299 321
1224 299 321
1225 299 321
1226 299 322
1227 299 322
1228 298 322
1229 298 322
1230 298 322
1231 298 322
1232 298 322
1233 298 322
1234 298 322
1235 298 322
1236 298 322
1237 297 321
1238 297 321
1239 297 321
1240 297 321
1241 297 321
1242 296 321
1243 296 321
1244 296 321
1245 296 321
1246 296 321
1247 296 321
1248 296 321
1249 296 321
1250 295 321
1251 295 321
1252 295 321
1253 295 321
1254 295 321
1255 295 320
1256 295 321
1257 295 320
1258 295 320
1259 295 320
1260 295 320
1261 294 320
1262 294 320
1263 294 320
1264 294 320
1265 294 319
1266 294 319
1267 294 319
1268 294 319
1269 294 319
1270 294 318
1271 294 318
1272 294 318
1273 294 318
1274 293 317
1275 293 317
1276 293 317
1277 293 316
1278 293 316
1279 293 316
1280 293 315
1281 293 315
1282 293 315
1283 293 314
1284 293 314
1285 293 313
1286 293 313
1287 293 313
1288 293 312
1289 293 312
1290 293 312
1291 293 311
1292 293 311
1293 293 311
1294 293 310
1295 293 310
1296 293 310
1297 294 310
1298 294 310
1299 294 310
1300 294 310
1301 294 309
1302 294 309
1303 294 309
1304 294 309
1305 294 309
1306 294 309
1307 294 309
1308 294 309
1309 295 309
1310 295 309
1311 295 309
1312 295 309
1313 295 309
1314 295 309
1315 295 309
1316 295 310
1317 295 310
1318 295 310
1319 295 310
1320 296 310
1321 296 310
1322 296 311
1323 296 311
1324 296 311
1325 296 311
1326 296 312
1327 296 312
1328 297 312
1329 297 312
1330 297 313
1331 297 313
1332 297 313
1333 297 313
1334 297 314
1335 297 314
1336 297 314
1337 297 314
1338 298 315
1339 298 315
1340 298 315
1341 298 316
1342 298 316
1343 298 316
1344 298 317
1345 298 317
1346 299 317
1347 299 317
1348 299 317
1349 299 318
1350 299 318
1351 299 318
1352 299 319
1353 299 319
1354 299 319
1355 299 320
1356 299 320
1357 299 320
1358 299 320
1359 299 321
1360 299 321
1361 299 321
1362 300 322
1363 300 322
1364 300 322
1365 300 322
1366 300 323
1367 300 323
1368 300 323
1369 300 324
1370 301 324
1371 301 324
1372 301 324
1373 301 325
1374 301 325
1375 301 325
1376 302 326
1377 302 326
1378 302 326
1379 302 326
1380 302 327
1381 302 327
1382 302 327
1383 302 327
1384 303 327
1385 303 328
1386 303 328
1387 303 328
1388 303 328
1389 303 328
1390 303 328
1391 303 328
1392 303 328
1393 303 328
1394 303 328
1395 303 329
1396 302 329
1397 302 329
1398 302 329
1399 302 329
1400 302 329
1401 302 329
1402 302 329
1403 302 329
1404 302 329
1405 302 329
1406 302 329
1407 302 329
1408 302 329
1409 302 329
1410 302 328
1411 302 328
1412 302 328
1413 302 328
1414 302 328
1415 302 328
1416 302 328
1417 303 328
1418 303 327
1419 303 327
1420 303 327
1421 303 327
1422 303 327
1423 303 327
1424 303 327
1425 303 327
1426 303 326
1427 303 326
1428 303 326
1429 303 326
1430 303 326
1431 302 326
1432 302 326
1433 302 326
1434 302 326
1435 302 326
1436 302 326
1437 302 325
1438 302 325
1439 302 325
1440 302 325
1441 302 325
1442 302 325
1443 302 325
1444 302 325
1445 302 325
1446 302 325
1447 303 325
1448 303 325
1449 302 325
1450 302 325
1451 302 325
1452 302 325
1453 302 324
1454 302 324
1455 302 324
1456 302 324
1457 302 324
1458 302 324
1459 302 324
1460 302 324
1461 302 324
1462 302 324
1463 302 324
1464 301 324
1465 301 324
1466 301 324
1467 301 324
1468 301 324
1469 301 324
1470 301 324
1471 301 324
1472 301 324
1473 301 324
1474 300 324
1475 300 324
1476 300 324
1477 300 324
1478 300 324
1479 300 324
1480 300 324
1481 300 324
1482 300 325
1483 300 325
1484 300 325
1485 300 325
1486 300 325
1487 300 325
1488 300 325
1489 300 326
1490 300 326
1491 300 326
1492 300 326
1493 300 326
1494 300 326
1495 300 326
1496 300 326
1497 300 326
1498 300 326
1499 300 326
1500 300 326
1501 301 326
1502 301 326
1503 301 326
1504 301 326
1505 301 326
1506 301 326
1507 301 325
1508 301 325
1509 301 325
1510 301 325
1511 301 325
1512 301 325
1513 302 325
1514 302 325
1515 302 325
1516 302 324
1517 302 324
1518 302 324
1519 302 324
1520 302 324
1521 302 324
1522 302 323
1523 301 323
1524 301 323
1525 301 323
1526 301 323
1527 301 323
1528 300 323
1529 300 322
1530 299 322
1531 299 322
1532 299 322
1533 298 322
1534 297 322
1535 297 322
1536 296 321
1537 295 321
1538 295 321
1539 294 321
1540 293 321
1541 292 321
1542 291 321
1543 290 321
1544 289 321
1545 288 321
1546 287 321
1547 286 320
1548 285 320
1549 285 320
1550 284 320
1551 283 320
1552 283 320
1553 283 320
1554 282 320
1555 282 320
1556 282 320
1557 282 320
1558 282 320
1559 282 320
1560 282 320
1561 282 320
1562 282 320
1563 282 320
1564 282 320
1565 283 320
1566 283 320
1567 283 320
1568 283 320
1569 283 319
1570 283 319
1571 284 319
1572 284 319
1573 284 319
1574 284 319
1575 284 319
1576 285 319
1577 285 319
1578 285 319
1579 285 319
1580 286 320
1581 286 320
1582 286 320
1583 287 320
1584 287 320
1585 287 320
1586 287 320
1587 288 320
1588 288 320
1589 288 320
1590 288 320
1591 289 320
1592 289 320
1593 289 321
1594 289 321
1595 289 321
1596 290 321
1597 290 321
1598 290 321
1599 290 321
1600 290 321
1601 290 321
1602 290 321
1603 290 321
1604 291 321
1605 291 321
1606 291 321
1607 291 321
1608 291 321
1609 291 321
1610 291 321
1611 291 321
1612 291 321
1613 291 321
1614 291 321
1615 291 321
1616 291 322
1617 291 322
1618 291 322
1619 291 322
1620 291 322
1621 291 322
1622 291 322
1623 291 322
1624 291 322
1625 291 322
1626 291 322
1627 291 322
1628 291 322
1629 291 322
1630 291 322
1631 291 322
1632 291 322
1633 291 322
1634 291 322
1635 291 322
1636 291 321
1637 291 321
1638 291 321
1639 291 321
1640 291 321
1641 291 321
1642 291 321
1643 291 321
1644 291 321
1645 291 321
1646 291 321
1647 291 321
1648 292 321
1649 292 321
1650 292 321
1651 292 321
1652 292 322
1653 292 322
1654 292 322
1655 292 322
1656 292 322
1657 292 322
1658 292 322
1659 292 323
1660 292 323
1661 292 323
1662 292 323
1663 292 323
1664 292 323
1665 292 324
1666 292 324
1667 292 324
1668 292 324
1669 292 324
1670 293 325
1671 293 325
1672 293 325
1673 293 325
1674 293 326
1675 293 326
1676 293 326
1677 293 326
1678 293 326
1679 293 326
1680 293 327
1681 293 327
1682 293 327
1683 293 327
1684 293 327
1685 293 327
1686 293 327
1687 293 328
1688 293 328
1689 293 328
1690 293 328
1691 293 328
1692 293 328
1693 293 328
1694 293 328
1695 293 328
1696 293 328
1697 293 329
1698 293 329
1699 293 329
1700 293 329
1701 293 329
1702 293 329
1703 293 329
1704 293 329
1705 293 329
1706 293 329
1707 293 329
1708 293 329
1709 293 329
1710 293 330
1711 293 330
1712 293 330
1713 294 330
1714 294 330
1715 294 330
1716 294 330
1717 294 330
1718 294 330
1719 294 330
1720 295 330
1721 295 330
1722 295 330
1723 295 330
1724 295 330
1725 295 330
1726 295 330
1727 295 330
1728 296 330
1729 296 330
1730 296 330
1731 296 330
1732 296 329
1733 297 329
1734 297 329
1735 297 329
1736 297 329
1737 297 329
1738 297 328
1739 297 328
1740 298 328
1741 298 328
1742 298 328
1743 298 328
1744 298 328
1745 298 328
1746 298 328
1747 298 328
1748 298 328
1749 298 328
1750 298 328
1751 298 328
1752 299 328
1753 299 329
1754 299 329
1755 299 329
1756 299 329
1757 299 330
1758 299 330
1759 300 330
1760 300 330
1761 300 331
1762 300 331
1763 300 331
1764 300 331
1765 300 331
1766 300 331
1767 300 331
1768 300 332
1769 301 332
1770 301 332
1771 301 332
1772 301 332
1773 301 332
1774 301 332
1775 301 332
1776 301 332
1777 301 332
1778 301 332
1779 301 332
1780 301 332
1781 301 332
1782 301 332
1783 301 332
1784 301 332
1785 301 332
1786 300 332
1787 300 332
1788 300 332
1789 300 332
1790 300 332
1791 300 332
1792 300 332
1793 300 332
1794 300 332
1795 300 332
1796 300 332
1797 300 332
1798 300 332
1799 300 332
1800 300 332
1801 300 332
1802 300 332
1803 300 332
1804 300 332
1805 300 332
1806 300 332
1807 300 332
1808 300 332
1809 300 332
1810 300 332
1811 300 332
1812 300 332
1813 300 332
1814 300 332
1815 300 332
1816 300 332
1817 300 332
1818 300 332
1819 300 332
1820 300 332
1821 300 332
1822 300 332
1823 300 332
1824 300 332
1825 300 332
1826 300 332
1827 300 332
1828 300 332
1829 300 332
1830 300 332
1831 300 332
1832 300 332
1833 300 332
1834 300 332
1835 300 332
1836 300 332
1837 300 332
1838 300 332
1839 299 332
1840 299 332
1841 299 332
1842 299 332
1843 299 332
1844 299 332
1845 299 332
1846 299 332
1847 299 332
1848 299 332
1849 299 332
1850 299 332
1851 299 332
1852 299 332
1853 299 332
1854 299 332
1855 299 332
1856 299 332
1857 299 332
1858 299 332