1 413 429
2 413 429
3 413 430
4 413 430
5 413 430
6 413 430
7 413 430
8 413 430
9 413 430
10 413 430
11 413 430
12 413 430
13 413 430
14 413 430
15 413 430
16 413 430
17 413 430
18 413 430
19 413 429
20 413 429
21 413 429
22 413 429
23 413 429
24 413 429
25 413 429
26 413 429
27 413 429
28 413 429
29 413 429
30 413 429
31 413 429
32 413 429
33 413 429
34 413 429
35 413 429
36 413 429
37 413 429
38 413 429
39 413 429
40 413 429
41 413 429
42 413 429
43 413 429
44 413 429
45 413 429
46 412 429
47 412 429
48 412 429
49 412 429
50 412 429
51 412 429
52 412 429
53 413 429
54 413 429
55 413 429
56 412 428
57 413 429
58 413 429
59 413 429
60 413 428
61 413 428
62 413 429
63 413 429
64 413 429
65 412 428
66 412 429
67 412 429
68 412 429
69 412 429
70 412 429
71 412 429
72 412 429
73 412 429
74 412 429
75 412 429
76 412 429
77 412 429
78 412 429
79 412 429
80 412 429
81 412 428
82 412 428
83 412 428
84 412 428
85 412 428
86 412 428
87 412 428
88 412 428
89 412 428
90 412 428
91 413 428
92 413 428
93 413 428
94 413 429
95 413 429
96 413 429
97 414 429
98 414 429
99 414 429
100 414 429
101 414 430
102 415 430
103 415 430
104 415 430
105 415 429
106 415 429
107 416 429
108 416 429
109 416 429
110 416 429
111 416 428
112 416 428
113 416 428
114 416 428
115 417 428
116 417 427
117 417 427
118 417 427
119 417 427
120 417 427
121 417 427
122 417 426
123 417 426
124 417 426
125 417 426
126 417 425
127 417 425
128 416 425
129 416 424
130 416 424
131 416 424
132 416 424
133 416 424
134 416 423
135 416 423
136 416 423
137 416 423
138 416 423
139 416 422
140 416 422
141 415 422
142 415 422
143 415 422
144 415 422
145 415 422
146 415 421
147 415 421
148 415 421
149 415 421
150 415 421
151 415 421
152 415 421
153 415 421
154 415 421
155 415 421
156 415 420
157 415 420
158 415 421
159 415 421
160 415 421
161 415 421
162 415 421
163 415 421
164 415 421
165 415 421
166 415 421
167 415 421
168 415 421
169 415 421
170 415 421
171 415 421
172 415 421
173 415 421
174 415 421
175 415 421
176 415 421
177 415 421
178 415 421
179 415 421
180 415 421
181 415 421
182 415 421
183 415 421
184 416 421
185 416 421
186 416 422
187 416 422
188 416 422
189 416 422
190 416 422
191 416 422
192 416 422
193 416 422
194 416 422
195 416 422
196 416 422
197 416 422
198 416 422
199 416 422
200 416 422
201 416 422
202 416 422
203 416 423
204 416 423
205 416 423
206 416 423
207 416 423
208 416 423
209 416 424
210 416 424
211 416 424
212 416 424
213 416 424
214 416 424
215 416 424
216 416 424
217 416 424
218 416 424
219 416 424
220 416 424
221 416 424
222 416 424
223 416 424
224 416 425
225 416 425
226 417 425
227 417 426
228 417 426
229 417 427
230 417 427
231 417 427
232 417 427
233 417 428
234 417 428
235 417 428
236 418 428
237 418 428
238 418 428
239 418 428
240 418 428
241 418 428
242 419 428
243 419 428
244 419 428
245 419 428
246 419 428
247 420 427
248 420 427
249 420 427
250 420 427
251 420 426
252 421 426
253 421 426
254 421 426
255 421 426
256 422 426
257 422 426
258 422 426
259 422 425
260 423 425
261 423 425
262 423 425
263 423 425
264 424 425
265 424 425
266 425 425
267 425 425
268 426 425
269 426 425
270 426 425
271 427 425
272 427 425
273 428 425
274 429 425
275 429 425
276 429 425
277 430 425
278 430 426
279 431 426
280 431 427
281 432 427
282 432 427
283 433 427
284 434 427
285 434 428
286 435 428
287 435 428
288 436 428
289 437 428
290 437 428
291 438 428
292 438 428
293 439 428
294 439 428
295 439 428
296 440 428
297 440 428
298 440 428
299 440 428
300 441 428
301 441 428
302 441 428
303 441 428
304 441 428
305 441 428
306 441 428
307 441 427
308 441 427
309 441 428
310 441 428
311 441 428
312 441 427
313 440 427
314 440 428
315 440 428
316 440 427
317 440 427
318 440 427
319 440 428
320 439 428
321 439 428
322 439 428
323 439 428
324 439 428
325 439 428
326 439 428
327 439 428
328 438 428
329 438 428
330 438 428
331 438 428
332 438 428
333 437 428
334 437 429
335 437 429
336 436 429
337 436 429
338 436 430
339 436 430
340 435 431
341 435 431
342 435 431
343 435 432
344 434 432
345 434 433
346 434 433
347 434 433
348 434 434
349 433 434
350 433 435
351 433 435
352 433 435
353 433 436
354 432 436
355 432 436
356 432 436
357 432 437
358 432 437
359 432 437
360 432 438
361 431 438
362 431 438
363 431 438
364 431 438
365 430 438
366 430 438
367 430 438
368 429 438
369 429 438
370 429 438
371 428 438
372 428 438
373 427 438
374 427 438
375 426 438
376 426 438
377 425 439
378 424 440
379 423 441
380 422 441
381 422 441
382 422 440
383 421 441
384 421 441
385 420 441
386 420 441
387 419 441
388 419 441
389 418 441
390 418 441
391 418 441
392 418 441
393 417 442
394 417 442
395 417 442
396 417 442
397 416 442
398 416 442
399 416 442
400 416 442
401 416 442
402 416 442
403 415 442
404 415 442
405 415 442
406 415 442
407 415 442
408 414 442
409 414 442
410 414 442
411 414 441
412 414 441
413 414 442
414 414 441
415 413 441
416 413 441
417 413 441
418 413 441
419 413 441
420 413 441
421 413 441
422 413 441
423 413 441
424 413 441
425 413 440
426 413 440
427 413 440
428 414 440
429 414 440
430 414 440
431 414 440
432 414 440
433 414 441
434 414 441
435 414 441
436 414 441
437 414 441
438 414 441
439 414 441
440 414 441
441 415 441
442 414 441
443 414 441
444 414 441
445 414 441
446 414 441
447 414 441
448 414 441
449 414 441
450 414 441
451 414 441
452 414 441
453 413 441
454 413 441
455 413 441
456 413 441
457 413 441
458 414 441
459 414 441
460 414 441
461 414 441
462 414 441
463 414 441
464 414 441
465 414 441
466 414 441
467 415 441
468 415 441
469 415 441
470 415 441
471 415 441
472 415 441
473 415 441
474 415 441
475 415 441
476 415 441
477 416 441
478 416 440
479 416 440
480 416 441
481 416 441
482 416 441
483 416 441
484 416 441
485 416 441
486 416 441
487 416 441
488 416 441
489 416 441
490 416 441
491 416 441
492 416 441
493 416 441
494 416 441
495 416 441
496 416 441
497 416 441
498 417 441
499 417 441
500 417 441
501 417 440
502 418 440
503 418 440
504 418 440
505 418 440
506 419 440
507 419 441
508 419 441
509 419 441
510 419 441
511 419 440
512 420 440
513 420 440
514 420 440
515 420 440
516 420 439
517 420 439
518 420 439
519 420 438
520 420 438
521 420 438
522 420 438
523 421 437
524 421 437
525 421 436
526 421 436
527 421 436
528 421 435
529 421 435
530 421 435
531 421 435
532 421 434
533 420 434
534 420 434
535 420 434
536 420 434
537 420 434
538 420 434
539 420 434
540 420 434
541 420 434
542 420 434
543 420 434
544 420 434
545 420 434
546 420 434
547 420 434
548 420 434
549 420 434
550 420 434
551 420 434
552 420 434
553 420 434
554 420 434
555 420 434
556 420 434
557 420 434
558 420 434
559 420 434
560 420 434
561 420 434
562 420 434
563 420 434
564 420 434
565 421 433
566 421 433
567 421 434
568 421 434
569 421 434
570 421 433
571 421 433
572 421 434
573 421 433
574 421 433
575 421 433
576 421 433
577 422 434
578 422 434
579 422 434
580 422 434
581 422 434
582 422 434
583 422 434
584 422 434
585 422 434
586 422 434
587 422 434
588 423 434
589 423 434
590 423 434
591 423 434
592 423 434
593 423 433
594 423 433
595 423 433
596 423 432
597 423 432
598 423 432
599 423 431
600 423 431
601 423 431
602 423 431
603 423 431
604 423 431
605 423 431
606 423 431
607 423 431
608 423 432
609 423 432
610 423 432
611 423 432
612 423 433
613 423 434
614 422 435
615 421 437
616 420 439
617 420 440
618 419 441
619 419 442
620 419 442
621 419 442
622 419 443
623 419 443
624 419 444
625 419 444
626 419 445
627 419 445
628 419 445
629 419 445
630 419 446
631 420 446
632 420 446
633 420 447
634 420 447
635 420 447
636 420 447
637 420 447
638 420 448
639 420 448
640 421 448
641 421 448
642 421 448
643 421 448
644 421 448
645 421 448
646 422 448
647 422 448
648 422 448
649 422 448
650 422 449
651 422 449
652 422 449
653 422 449
654 422 450
655 422 450
656 422 450
657 422 450
658 422 450
659 422 450
660 422 450
661 422 450
662 422 451
663 422 451
664 422 451
665 422 450
666 422 450
667 422 450
668 422 450
669 422 450
670 422 450
671 422 450
672 422 450
673 422 451
674 422 450
675 422 450
676 422 450
677 422 450
678 421 451
679 421 451
680 421 451
681 421 451
682 421 451
683 421 451
684 421 451
685 421 451
686 421 451
687 421 451
688 421 452
689 421 452
690 421 452
691 421 452
692 422 452
693 422 452
694 422 452
695 422 453
696 422 453
697 422 453
698 422 453
699 422 453
700 422 454
701 422 454
702 423 454
703 423 454
704 423 455
705 423 455
706 423 455
707 423 456
708 423 456
709 423 456
710 423 457
711 422 457
712 422 459
713 421 460
714 420 462
715 419 463
716 419 463
717 418 464
718 417 464
719 417 464
720 416 464
721 416 464
722 415 464
723 415 464
724 415 463
725 415 463
726 415 463
727 415 462
728 415 462
729 415 462
730 415 462
731 415 461
732 415 461
733 415 461
734 415 461
735 415 461
736 415 461
737 415 460
738 416 460
739 416 460
740 416 460
741 416 460
742 416 460
743 417 459
744 417 459
745 417 459
746 417 459
747 417 460
748 417 460
749 417 460
750 417 460
751 417 460
752 417 460
753 417 460
754 417 460
755 418 460
756 418 460
757 418 460
758 418 460
759 418 460
760 418 460
761 418 460
762 418 459
763 418 459
764 418 459
765 418 460
766 418 460
767 418 460
768 418 460
769 418 460
770 418 460
771 419 460
772 419 460
773 419 460
774 419 460
775 419 460
776 419 460
777 419 460
778 419 460
779 419 460
780 419 460
781 419 460
782 419 460
783 419 459
784 419 459
785 419 459
786 419 459
787 419 459
788 419 459
789 419 459
790 419 459
791 419 459
792 419 459
793 419 459
794 419 459
795 419 459
796 419 459
797 419 458
798 419 458
799 419 459
800 419 459
801 419 459
802 419 459
803 419 459
804 419 459
805 419 459
806 418 459
807 418 459
808 418 459
809 418 459
810 418 459
811 418 459
812 418 458
813 418 458
814 419 458
815 419 458
816 419 458
817 419 458
818 419 458
819 419 458
820 419 458
821 419 458
822 419 458
823 419 458
824 419 457
825 419 457
826 420 456
827 420 456
828 420 456
829 420 455
830 420 455
831 421 454
832 421 454
833 421 454
834 421 454
835 421 454
836 421 454
837 421 455
838 421 455
839 421 455
840 421 455
841 422 455
842 422 455
843 422 455
844 422 455
845 422 456
846 422 457
847 423 457
848 423 457
849 423 457
850 423 458
851 424 457
852 424 457
853 424 457
854 425 457
855 425 458
856 425 458
857 425 458
858 426 458
859 426 458
860 426 458
861 427 457
862 427 457
863 428 457
864 428 456
865 429 456
866 429 456
867 430 456
868 430 455
869 431 455
870 431 454
871 432 454
872 432 453
873 432 453
874 433 453
875 433 452
876 433 451
877 434 451
878 434 450
879 434 449
880 434 449
881 434 449
882 434 448
883 434 447
884 434 447
885 434 446
886 434 446
887 434 446
888 434 446
889 434 446
890 434 445
891 434 445
892 434 445
893 434 444
894 434 444
895 434 444
896 434 444
897 434 444
898 434 444
899 434 444
900 434 443
901 434 443
902 434 443
903 434 443
904 434 442
905 434 442
906 434 442
907 434 441
908 434 441
909 434 441
910 434 440
911 434 440
912 434 440
913 434 440
914 434 439
915 434 439
916 434 439
917 433 438
918 433 438
919 433 438
920 433 438
921 433 437
922 433 437
923 433 437
924 433 437
925 433 436
926 433 436
927 433 436
928 433 436
929 433 436
930 433 435
931 432 435
932 432 435
933 432 435
934 432 435
935 432 435
936 432 435
937 432 435
938 432 434
939 432 434
940 432 434
941 432 434
942 431 434
943 431 435
944 431 435
945 431 434
946 431 434
947 431 434
948 431 434
949 431 434
950 431 434
951 431 434
952 430 434
953 430 434
954 430 434
955 430 434
956 430 434
957 430 434
958 430 434
959 430 434
960 430 434
961 430 435
962 430 435
963 429 435
964 429 435
965 429 435
966 429 435
967 429 435
968 429 435
969 429 435
970 429 436
971 429 436
972 429 436
973 429 436
974 429 436
975 429 437
976 429 437
977 429 437
978 429 437
979 429 438
980 429 438
981 429 438
982 429 438
983 429 438
984 429 438
985 429 439
986 429 439
987 429 439
988 429 439
989 429 439
990 429 439
991 429 440
992 429 440
993 429 440
994 429 441
995 429 441
996 429 441
997 429 441
998 429 441
999 429 441
1000 429 441
1001 437 441
1002 429 441
1003 429 441
1004 429 442
1005 429 442
1006 429 442
1007 429 442
1008 429 443
1009 429 443
1010 429 443
1011 429 443
1012 429 444
1013 429 444
1014 429 444
1015 429 444
1016 429 444
1017 429 445
1018 429 445
1019 429 445
1020 429 445
1021 429 445
1022 429 445
1023 429 446
1024 429 446
1025 429 446
1026 429 446
1027 429 446
1028 429 447
1029 429 447
1030 429 447
1031 429 447
1032 429 448
1033 429 448
1034 429 448
1035 429 448
1036 429 449
1037 429 449
1038 429 449
1039 429 449
1040 430 449
1041 430 450
1042 430 450
1043 430 450
1044 430 450
1045 430 451
1046 430 451
1047 430 451
1048 430 451
1049 430 451
1050 430 451
1051 430 452
1052 430 452
1053 430 452
1054 430 452
1055 430 453
1056 430 453
1057 430 453
1058 430 453
1059 430 453
1060 430 453
1061 430 453
1062 430 453
1063 430 453
1064 430 453
1065 430 453
1066 431 453
1067 431 453
1068 431 453
1069 431 453
1070 431 453
1071 431 453
1072 431 453
1073 431 453
1074 431 452
1075 432 452
1076 432 452
1077 432 452
1078 432 452
1079 432 452
1080 432 452
1081 432 452
1082 432 451
1083 432 451
1084 432 451
1085 432 451
1086 432 451
1087 432 451
1088 432 451
1089 433 450
1090 432 450
1091 432 450
1092 432 450
1093 432 450
1094 433 450
1095 433 450
1096 433 450
1097 433 449
1098 433 449
1099 433 450
1100 433 450
1101 433 450
1102 433 450
1103 433 450
1104 433 450
1105 433 451
1106 433 451
1107 433 451
1108 432 452
1109 431 453
1110 431 454
1111 430 455
1112 429 456
1113 429 456
1114 428 457
1115 428 457
1116 427 456
1117 427 456
1118 427 456
1119 427 456
1120 427 455
1121 427 455
1122 427 454
1123 427 454
1124 426 454
1125 426 454
1126 426 454
1127 426 453
1128 426 453
1129 426 453
1130 426 453
1131 426 453
1132 426 453
1133 426 453
1134 426 453
1135 426 453
1136 425 452
1137 425 453
1138 425 453
1139 425 453
1140 425 453
1141 425 453
1142 425 453
1143 425 453
1144 425 453
1145 425 453
1146 425 453
1147 425 453
1148 425 453
1149 425 453
1150 425 453
1151 425 454
1152 425 454
1153 425 454
1154 425 454
1155 426 454
1156 426 455
1157 426 455
1158 426 455
1159 426 455
1160 426 455
1161 426 455
1162 426 455
1163 426 455
1164 426 455
1165 427 454
1166 427 454
1167 427 454
1168 427 455
1169 427 455
1170 427 455
1171 427 455
1172 427 455
1173 427 455
1174 427 455
1175 427 455
1176 427 455
1177 427 456
1178 427 456
1179 427 456
1180 428 456
1181 428 455
1182 428 455
1183 428 455
1184 428 455
1185 428 455
1186 428 455
1187 428 455
1188 428 455
1189 428 455
1190 429 454
1191 429 454
1192 429 454
1193 429 454
1194 429 454
1195 429 454
1196 429 454
1197 429 454
1198 429 453
1199 430 452
1200 430 452
1201 430 452
1202 430 452
1203 430 451
1204 430 451
1205 430 451
1206 430 451
1207 430 451
1208 430 451
1209 430 451
1210 430 451
1211 430 451
1212 429 451
1213 429 452
1214 429 452
1215 429 451
1216 429 452
1217 429 452
1218 428 452
1219 428 452
1220 428 452
1221 428 452
1222 428 452
1223 428 452
1224 428 452
1225 428 452
1226 428 452
1227 428 452
1228 428 452
1229 427 452
1230 427 453
1231 427 453
1232 427 453
1233 427 453
1234 427 452
1235 427 452
1236 427 452
1237 427 451
1238 427 451
1239 427 451
1240 426 452
1241 426 452
1242 426 452
1243 426 451
1244 426 451
1245 426 451
1246 426 450
1247 426 450
1248 426 450
1249 426 451
1250 425 451
1251 425 451
1252 425 451
1253 426 450
1254 426 450
1255 426 450
1256 426 450
1257 426 450
1258 425 450
1259 425 451
1260 425 451
1261 424 451
1262 424 451
1263 425 450
1264 425 450
1265 425 450
1266 425 450
1267 425 450
1268 424 450
1269 424 450
1270 424 450
1271 424 449
1272 424 449
1273 424 449
1274 424 448
1275 424 448
1276 424 448
1277 424 447
1278 424 447
1279 424 447
1280 424 447
1281 424 446
1282 424 446
1283 424 445
1284 423 445
1285 424 445
1286 424 444
1287 424 444
1288 424 444
1289 424 443
1290 424 443
1291 424 442
1292 424 442
1293 424 442
1294 424 442
1295 424 442
1296 424 441
1297 424 441
1298 424 441
1299 424 441
1300 424 441
1301 424 441
1302 424 441
1303 424 441
1304 424 441
1305 424 441
1306 424 441
1307 424 441
1308 424 441
1309 424 441
1310 424 441
1311 425 441
1312 425 441
1313 425 441
1314 425 441
1315 425 441
1316 425 441
1317 425 441
1318 426 441
1319 426 441
1320 426 441
1321 426 441
1322 427 441
1323 427 441
1324 427 441
1325 427 442
1326 427 442
1327 427 442
1328 427 442
1329 428 442
1330 428 443
1331 428 443
1332 428 443
1333 428 443
1334 429 443
1335 429 443
1336 429 443
1337 429 443
1338 429 444
1339 429 444
1340 430 444
1341 430 444
1342 430 444
1343 430 444
1344 431 444
1345 431 444
1346 431 444
1347 431 445
1348 431 445
1349 431 445
1350 431 445
1351 431 445
1352 432 445
1353 432 445
1354 432 446
1355 431 446
1356 431 447
1357 431 447
1358 432 447
1359 432 448
1360 432 448
1361 432 448
1362 432 448
1363 432 448
1364 432 449
1365 433 449
1366 433 449
1367 433 449
1368 433 449
1369 434 449
1370 434 449
1371 434 449
1372 434 449
1373 435 449
1374 435 449
1375 435 450
1376 435 450
1377 435 450
1378 435 450
1379 436 450
1380 436 450
1381 436 450
1382 436 451
1383 436 451
1384 436 451
1385 436 451
1386 437 451
1387 437 451
1388 437 451
1389 437 451
1390 437 451
1391 437 451
1392 437 451
1393 437 451
1394 437 451
1395 437 451
1396 437 451
1397 437 451
1398 437 451
1399 437 451
1400 437 451
1401 437 451
1402 437 451
1403 437 451
1404 437 451
1405 437 451
1406 437 451
1407 437 451
1408 437 451
1409 437 451
1410 437 451
1411 437 451
1412 437 450
1413 437 450
1414 437 450
1415 437 450
1416 437 450
1417 437 450
1418 437 450
1419 437 450
1420 437 449
1421 437 449
1422 437 449
1423 437 449
1424 437 449
1425 437 449
1426 437 449
1427 437 449
1428 437 449
1429 437 449
1430 437 449
1431 437 449
1432 437 449
1433 437 448
1434 437 448
1435 437 448
1436 437 448
1437 437 448
1438 437 448
1439 436 448
1440 436 448
1441 436 448
1442 436 449
1443 436 449
1444 436 450
1445 435 450
1446 435 451
1447 434 451
1448 434 452
1449 434 452
1450 433 453
1451 433 453
1452 433 453
1453 432 453
1454 432 453
1455 431 454
1456 431 454
1457 431 454
1458 430 454
1459 430 454
1460 430 454
1461 430 455
1462 429 455
1463 429 455
1464 428 455
1465 428 455
1466 428 455
1467 428 456
1468 428 456
1469 427 456
1470 427 455
1471 427 455
1472 427 455
1473 427 455
1474 427 455
1475 426 455
1476 426 455
1477 426 455
1478 426 455
1479 426 455
1480 426 455
1481 426 455
1482 426 455
1483 426 456
1484 426 456
1485 426 456
1486 426 456
1487 426 456
1488 426 456
1489 426 456
1490 426 456
1491 426 456
1492 426 456
1493 426 456
1494 426 456
1495 426 456
1496 426 457
1497 426 456
1498 427 457
1499 427 457
1500 427 457
1501 427 457
1502 427 457
1503 427 457
1504 427 457
1505 427 457
1506 427 457
1507 427 457
1508 427 458
1509 427 458
1510 427 458
1511 427 458
1512 428 458
1513 428 458
1514 428 457
1515 428 457
1516 428 457
1517 428 457
1518 428 457
1519 428 457
1520 428 457
1521 428 457
1522 428 457
1523 428 457
1524 428 456
1525 427 456
1526 427 456
1527 427 457
1528 427 457
1529 427 456
1530 426 456
1531 426 456
1532 426 455
1533 426 455
1534 426 455
1535 426 454
1536 425 454
1537 425 453
1538 425 453
1539 424 452
1540 424 452
1541 423 452
1542 422 452
1543 422 451
1544 421 451
1545 421 451
1546 420 450
1547 420 450
1548 420 449
1549 419 448
1550 419 448
1551 419 447
1552 418 447
1553 418 447
1554 418 447
1555 418 447
1556 418 447
1557 418 446
1558 418 446
1559 418 446
1560 418 446
1561 418 446
1562 419 445
1563 419 445
1564 419 445
1565 419 445
1566 419 445
1567 419 445
1568 419 445
1569 419 445
1570 419 445
1571 419 445
1572 419 445
1573 420 444
1574 420 444
1575 420 444
1576 420 444
1577 420 444
1578 420 445
1579 421 445
1580 421 445
1581 421 444
1582 421 444
1583 422 444
1584 422 445
1585 422 445
1586 422 445
1587 422 445
1588 422 445
1589 423 445
1590 423 445
1591 423 445
1592 423 445
1593 423 445
1594 423 445
1595 424 445
1596 424 445
1597 424 446
1598 424 446
1599 424 446
1600 424 446
1601 424 446
1602 424 446
1603 424 446
1604 425 446
1605 425 446
1606 425 446
1607 425 446
1608 425 446
1609 425 446
1610 425 446
1611 425 446
1612 425 447
1613 425 447
1614 426 447
1615 425 447
1616 425 447
1617 425 448
1618 426 448
1619 426 448
1620 426 448
1621 426 448
1622 426 448
1623 426 448
1624 426 448
1625 426 448
1626 426 448
1627 426 448
1628 426 448
1629 426 448
1630 426 448
1631 426 448
1632 426 448
1633 426 447
1634 426 447
1635 426 447
1636 426 447
1637 426 447
1638 427 447
1639 427 447
1640 427 446
1641 427 446
1642 427 446
1643 427 446
1644 427 446
1645 427 446
1646 427 446
1647 427 446
1648 427 446
1649 427 446
1650 428 446
1651 428 446
1652 428 446
1653 428 446
1654 428 446
1655 428 447
1656 428 447
1657 428 447
1658 428 447
1659 428 447
1660 428 447
1661 428 447
1662 428 448
1663 428 448
1664 428 448
1665 428 448
1666 428 448
1667 428 448
1668 428 449
1669 428 449
1670 429 449
1671 429 449
1672 429 450
1673 429 450
1674 429 450
1675 429 450
1676 429 450
1677 429 451
1678 429 451
1679 429 451
1680 429 451
1681 429 451
1682 429 451
1683 429 451
1684 429 451
1685 429 452
1686 429 452
1687 429 452
1688 429 452
1689 429 452
1690 429 452
1691 429 452
1692 429 452
1693 429 452
1694 429 453
1695 429 453
1696 429 453
1697 429 453
1698 429 453
1699 429 453
1700 429 453
1701 429 453
1702 429 453
1703 429 453
1704 429 453
1705 429 453
1706 429 453
1707 429 453
1708 429 453
1709 429 453
1710 429 453
1711 429 454
1712 429 454
1713 429 454
1714 429 454
1715 429 454
1716 430 454
1717 430 454
1718 430 454
1719 430 454
1720 430 454
1721 430 454
1722 430 454
1723 430 454
1724 431 454
1725 431 453
1726 431 453
1727 431 453
1728 431 452
1729 431 452
1730 431 452
1731 431 452
1732 431 452
1733 431 452
1734 431 452
1735 430 453
1736 430 454
1737 429 455
1738 428 456
1739 428 456
1740 428 456
1741 427 457
1742 427 457
1743 427 457
1744 427 457
1745 427 457
1746 427 457
1747 427 457
1748 427 457
1749 427 456
1750 427 456
1751 427 456
1752 427 457
1753 427 457
1754 427 457
1755 427 457
1756 427 457
1757 428 457
1758 428 457
1759 428 457
1760 428 458
1761 428 458
1762 428 458
1763 428 458
1764 429 457
1765 429 457
1766 429 457
1767 429 457
1768 429 457
1769 429 457
1770 429 457
1771 429 457
1772 429 457
1773 430 457
1774 430 457
1775 430 456
1776 430 456
1777 430 456
1778 430 456
1779 430 456
1780 430 456
1781 430 456
1782 430 455
1783 430 455
1784 430 455
1785 430 455
1786 430 454
1787 430 454
1788 430 454
1789 430 454
1790 430 454
1791 429 454
1792 429 454
1793 429 454
1794 429 454
1795 429 454
1796 429 454
1797 429 453
1798 429 453
1799 429 453
1800 429 453
1801 429 453
1802 429 453
1803 429 453
1804 429 453
1805 429 453
1806 429 453
1807 429 453
1808 429 453
1809 429 453
1810 429 453
1811 429 453
1812 429 453
1813 429 453
1814 429 453
1815 429 453
1816 429 453
1817 429 453
1818 429 453
1819 429 453
1820 429 453
1821 429 453
1822 429 453
1823 429 453
1824 429 453
1825 429 453
1826 429 453
1827 430 453
1828 429 453
1829 429 453
1830 429 453
1831 429 453
1832 429 453
1833 429 453
1834 429 453
1835 429 453
1836 429 453
1837 429 453
1838 429 453
1839 429 453
1840 429 453
1841 429 453
1842 429 453
1843 429 453
1844 429 453
1845 429 453
1846 429 452
1847 429 453
1848 429 453
1849 429 453
1850 429 453
1851 429 453
1852 429 453
1853 429 453
1854 429 453
1855 429 453
1856 429 453
1857 429 453
1858 429 453
