1 317 461
2 316 461
3 316 461
4 316 461
5 316 461
6 316 461
7 316 461
8 316 461
9 316 461
10 316 461
11 316 461
12 316 461
13 316 461
14 316 461
15 316 461
16 316 461
17 316 461
18 316 461
19 316 461
20 316 461
21 316 461
22 316 461
23 316 461
24 316 461
25 316 461
26 316 461
27 316 461
28 316 461
29 316 461
30 316 461
31 316 461
32 316 461
33 316 461
34 316 461
35 316 461
36 316 460
37 316 460
38 316 460
39 316 460
40 316 460
41 316 460
42 316 460
43 316 460
44 316 460
45 316 460
46 316 460
47 316 460
48 316 460
49 316 460
50 316 460
51 316 460
52 316 460
53 316 460
54 316 460
55 316 460
56 316 460
57 317 460
58 316 460
59 316 460
60 316 460
61 316 460
62 316 460
63 316 460
64 316 460
65 316 460
66 316 460
67 316 460
68 316 460
69 316 460
70 316 460
71 316 460
72 316 460
73 316 460
74 316 460
75 316 459
76 316 459
77 316 459
78 316 459
79 316 459
80 316 459
81 316 458
82 316 458
83 316 458
84 316 458
85 316 458
86 316 457
87 316 457
88 316 457
89 316 457
90 316 456
91 316 455
92 317 455
93 317 454
94 317 454
95 317 453
96 317 452
97 318 452
98 318 451
99 318 450
100 319 448
101 319 447
102 319 446
103 320 445
104 320 444
105 320 442
106 321 441
107 321 440
108 321 439
109 322 438
110 322 437
111 322 436
112 322 435
113 322 434
114 323 433
115 323 433
116 323 432
117 323 431
118 323 431
119 323 430
120 323 429
121 323 429
122 323 428
123 323 428
124 323 427
125 323 427
126 323 426
127 323 426
128 323 426
129 323 425
130 323 425
131 323 425
132 323 425
133 323 425
134 323 425
135 322 425
136 322 425
137 322 425
138 322 425
139 322 425
140 322 425
141 321 425
142 321 425
143 321 425
144 321 425
145 321 425
146 321 425
147 321 425
148 321 425
149 320 425
150 320 425
151 320 425
152 320 425
153 320 425
154 320 426
155 320 426
156 320 426
157 320 426
158 320 426
159 320 426
160 319 426
161 319 427
162 319 427
163 319 427
164 319 427
165 319 427
166 319 427
167 319 427
168 319 427
169 319 427
170 320 427
171 320 427
172 320 428
173 320 428
174 320 428
175 320 428
176 320 428
177 320 428
178 320 428
179 320 428
180 320 428
181 320 428
182 320 428
183 321 428
184 321 428
185 321 429
186 321 429
187 321 429
188 321 429
189 321 429
190 321 429
191 321 429
192 321 429
193 321 429
194 321 429
195 321 429
196 321 429
197 321 429
198 321 429
199 321 429
200 321 429
201 321 429
202 321 430
203 321 430
204 321 430
205 321 430
206 321 430
207 321 430
208 321 430
209 321 431
210 322 431
211 322 431
212 322 431
213 322 431
214 322 431
215 322 431
216 322 431
217 322 431
218 322 431
219 322 431
220 322 431
221 322 431
222 322 431
223 322 431
224 323 431
225 323 431
226 323 431
227 323 431
228 323 431
229 323 431
230 323 432
231 323 432
232 323 431
233 323 431
234 323 431
235 324 431
236 324 431
237 324 431
238 324 431
239 325 431
240 325 431
241 325 430
242 326 430
243 326 430
244 326 430
245 326 430
246 327 430
247 327 429
248 327 429
249 328 429
250 328 429
251 329 429
252 329 429
253 329 429
254 330 429
255 330 429
256 331 429
257 331 429
258 332 429
259 332 429
260 333 429
261 333 429
262 334 430
263 335 430
264 336 430
265 336 430
266 337 430
267 338 431
268 338 431
269 339 431
270 340 431
271 341 431
272 342 432
273 343 432
274 343 432
275 344 433
276 345 433
277 346 433
278 347 434
279 348 434
280 349 435
281 350 435
282 351 435
283 352 436
284 353 436
285 354 436
286 355 436
287 356 437
288 358 437
289 359 437
290 359 437
291 360 437
292 361 437
293 362 437
294 362 437
295 363 436
296 363 436
297 363 436
298 364 436
299 364 436
300 364 436
301 364 436
302 365 436
303 365 435
304 365 435
305 365 435
306 365 435
307 365 435
308 364 435
309 364 435
310 364 435
311 364 435
312 363 435
313 363 435
314 363 434
315 363 434
316 362 434
317 362 434
318 362 434
319 361 434
320 361 434
321 361 435
322 361 435
323 361 435
324 360 435
325 360 435
326 360 435
327 360 435
328 360 435
329 359 436
330 359 436
331 359 436
332 358 436
333 358 436
334 357 436
335 357 436
336 356 436
337 355 436
338 355 436
339 354 436
340 354 437
341 353 437
342 353 437
343 352 437
344 351 437
345 351 437
346 350 437
347 350 437
348 349 437
349 349 438
350 348 438
351 348 438
352 347 438
353 347 438
354 347 438
355 346 438
356 346 438
357 345 438
358 345 438
359 345 438
360 344 437
361 344 437
362 343 437
363 343 437
364 342 437
365 341 436
366 341 436
367 340 436
368 339 436
369 339 435
370 338 435
371 337 435
372 336 434
373 335 434
374 334 434
375 333 434
376 332 434
377 331 433
378 330 433
379 329 433
380 328 433
381 327 433
382 326 433
383 325 433
384 325 433
385 324 433
386 323 432
387 322 432
388 321 432
389 321 432
390 320 432
391 320 432
392 319 432
393 319 432
394 318 431
395 318 431
396 317 431
397 317 431
398 316 431
399 316 431
400 316 431
401 315 431
402 315 431
403 314 431
404 314 432
405 313 432
406 313 432
407 312 432
408 312 432
409 311 432
410 311 432
411 311 432
412 310 433
413 310 433
414 310 433
415 309 433
416 309 433
417 309 433
418 309 433
419 309 433
420 309 433
421 308 433
422 308 433
423 308 433
424 308 433
425 308 433
426 309 433
427 309 433
428 309 433
429 309 433
430 309 433
431 309 433
432 310 434
433 310 434
434 310 434
435 310 434
436 310 434
437 310 434
438 310 434
439 310 434
440 310 434
441 310 434
442 310 434
443 310 434
444 310 435
445 310 435
446 309 435
447 309 435
448 309 435
449 309 435
450 308 435
451 308 435
452 308 435
453 308 435
454 308 435
455 307 435
456 308 435
457 308 435
458 308 435
459 308 435
460 308 435
461 308 435
462 308 435
463 309 435
464 309 435
465 309 435
466 309 435
467 310 435
468 310 435
469 310 435
470 310 435
471 310 435
472 311 435
473 311 435
474 311 435
475 311 435
476 311 435
477 312 435
478 312 435
479 312 435
480 312 434
481 312 434
482 312 434
483 312 434
484 312 434
485 312 434
486 312 434
487 312 434
488 312 434
489 312 434
490 312 434
491 312 434
492 312 434
493 312 433
494 313 433
495 313 433
496 313 433
497 314 433
498 314 433
499 315 432
500 315 432
501 316 432
502 316 432
503 317 432
504 317 432
505 318 431
506 319 431
507 319 431
508 320 431
509 320 431
510 321 431
511 321 430
512 321 430
513 321 430
514 321 430
515 321 429
516 322 429
517 322 429
518 321 428
519 321 428
520 321 428
521 321 427
522 321 427
523 321 427
524 321 427
525 320 426
526 320 426
527 320 426
528 320 426
529 319 426
530 319 426
531 319 426
532 319 426
533 319 426
534 319 426
535 318 426
536 318 427
537 318 427
538 318 427
539 318 427
540 318 427
541 318 427
542 318 427
543 318 427
544 318 427
545 318 427
546 318 427
547 318 427
548 318 427
549 318 427
550 318 427
551 318 427
552 318 427
553 318 427
554 318 427
555 318 427
556 318 427
557 318 427
558 319 427
559 319 427
560 319 427
561 319 427
562 319 427
563 319 427
564 319 427
565 320 427
566 320 427
567 320 427
568 320 427
569 320 427
570 320 427
571 320 427
572 320 427
573 320 427
574 320 427
575 321 427
576 321 427
577 321 427
578 321 427
579 321 427
580 321 427
581 321 427
582 321 427
583 321 427
584 322 427
585 322 427
586 322 427
587 322 427
588 322 427
589 322 427
590 323 427
591 323 427
592 323 426
593 323 426
594 323 426
595 323 426
596 323 426
597 323 426
598 323 426
599 323 426
600 323 426
601 323 426
602 324 426
603 324 426
604 323 426
605 323 426
606 324 426
607 323 426
608 323 426
609 323 426
610 323 426
611 323 425
612 323 425
613 323 426
614 323 426
615 322 426
616 322 426
617 322 426
618 322 427
619 321 427
620 321 428
621 321 428
622 321 429
623 321 430
624 320 430
625 320 431
626 320 432
627 320 433
628 320 434
629 320 434
630 320 435
631 320 436
632 319 437
633 319 438
634 319 439
635 319 439
636 319 440
637 319 441
638 320 441
639 320 442
640 320 442
641 320 443
642 320 443
643 320 443
644 320 443
645 320 444
646 320 444
647 321 445
648 321 445
649 321 445
650 321 446
651 321 447
652 321 447
653 321 448
654 321 448
655 321 449
656 321 449
657 321 450
658 321 450
659 321 450
660 321 451
661 321 451
662 321 451
663 321 451
664 321 451
665 321 451
666 321 451
667 321 451
668 321 451
669 321 451
670 321 451
671 321 451
672 321 451
673 320 451
674 320 451
675 321 451
676 320 451
677 320 451
678 320 451
679 320 451
680 320 452
681 320 452
682 321 452
683 321 452
684 320 452
685 320 452
686 321 452
687 321 452
688 321 452
689 321 452
690 321 453
691 321 453
692 321 453
693 321 453
694 321 454
695 322 454
696 322 454
697 322 454
698 322 455
699 322 455
700 322 455
701 323 456
702 323 456
703 323 456
704 323 457
705 323 457
706 324 457
707 324 458
708 324 458
709 324 458
710 324 458
711 325 459
712 325 459
713 325 459
714 325 459
715 325 459
716 325 459
717 325 459
718 325 459
719 324 459
720 324 460
721 324 460
722 324 460
723 324 460
724 323 460
725 323 460
726 323 460
727 323 460
728 323 460
729 323 460
730 323 459
731 323 459
732 323 459
733 322 459
734 322 458
735 322 458
736 323 458
737 323 457
738 323 457
739 323 457
740 323 456
741 323 456
742 323 455
743 323 455
744 324 455
745 324 454
746 324 454
747 324 454
748 324 454
749 324 453
750 324 453
751 324 453
752 324 453
753 324 453
754 324 453
755 324 453
756 324 453
757 324 452
758 324 452
759 324 452
760 324 452
761 324 452
762 324 452
763 324 452
764 324 452
765 324 451
766 324 451
767 324 451
768 324 451
769 324 451
770 325 451
771 325 451
772 325 451
773 325 451
774 325 451
775 325 451
776 325 451
777 325 451
778 325 451
779 325 451
780 325 451
781 325 450
782 325 450
783 325 450
784 325 450
785 325 450
786 325 450
787 325 450
788 325 450
789 325 450
790 325 450
791 325 450
792 325 450
793 325 450
794 325 450
795 325 450
796 325 451
797 325 451
798 325 451
799 325 451
800 325 451
801 325 451
802 325 451
803 325 451
804 325 451
805 325 451
806 325 451
807 325 450
808 325 450
809 325 450
810 325 450
811 325 449
812 325 449
813 325 449
814 325 448
815 325 448
816 326 447
817 325 447
818 326 447
819 326 446
820 326 446
821 326 446
822 326 445
823 326 445
824 326 444
825 326 444
826 326 443
827 326 442
828 326 442
829 326 441
830 327 441
831 327 440
832 327 440
833 327 440
834 327 439
835 327 439
836 327 439
837 327 439
838 328 439
839 328 439
840 328 440
841 328 440
842 328 440
843 329 441
844 329 441
845 329 442
846 329 442
847 330 443
848 330 443
849 330 443
850 331 444
851 331 444
852 332 444
853 332 444
854 333 445
855 333 445
856 334 445
857 334 445
858 335 445
859 335 445
860 336 446
861 337 446
862 337 446
863 338 446
864 339 446
865 340 446
866 340 446
867 341 446
868 342 446
869 342 446
870 343 446
871 344 445
872 344 445
873 344 445
874 345 444
875 345 444
876 345 443
877 345 443
878 346 442
879 346 441
880 345 441
881 345 440
882 345 439
883 345 439
884 345 438
885 345 438
886 345 437
887 345 437
888 345 436
889 345 436
890 345 435
891 345 435
892 345 435
893 345 434
894 345 434
895 345 434
896 345 433
897 346 433
898 345 433
899 345 432
900 345 432
901 345 432
902 345 431
903 345 431
904 345 431
905 344 430
906 344 430
907 344 430
908 343 429
909 343 429
910 343 429
911 342 429
912 342 428
913 342 428
914 341 428
915 341 427
916 341 427
917 341 427
918 340 426
919 340 426
920 340 426
921 340 425
922 339 425
923 339 425
924 339 424
925 339 424
926 339 424
927 338 423
928 338 423
929 338 423
930 338 423
931 338 423
932 337 423
933 337 422
934 337 422
935 337 422
936 336 422
937 336 422
938 336 422
939 336 422
940 336 422
941 336 422
942 336 422
943 335 422
944 335 421
945 335 421
946 335 421
947 335 421
948 334 421
949 334 421
950 334 420
951 334 420
952 333 420
953 333 420
954 333 420
955 333 420
956 333 420
957 332 420
958 332 420
959 332 420
960 331 420
961 331 421
962 331 421
963 331 421
964 331 421
965 330 421
966 330 421
967 330 421
968 330 422
969 330 422
970 330 422
971 330 422
972 330 422
973 330 422
974 330 422
975 330 423
976 329 423
977 329 423
978 329 423
979 329 423
980 329 424
981 329 424
982 329 424
983 329 424
984 329 425
985 329 425
986 329 425
987 329 425
988 329 426
989 329 426
990 329 426
991 329 426
992 329 427
993 329 427
994 329 427
995 329 427
996 329 427
997 328 428
998 328 428
999 328 428
1000 328 428
1001 336 429
1002 328 429
1003 328 429
1004 328 429
1005 328 430
1006 327 430
1007 327 430
1008 327 431
1009 327 431
1010 327 431
1011 327 432
1012 327 432
1013 327 432
1014 327 433
1015 327 433
1016 327 433
1017 327 434
1018 327 434
1019 327 434
1020 327 434
1021 327 435
1022 327 435
1023 327 435
1024 327 435
1025 327 436
1026 327 436
1027 327 437
1028 327 437
1029 327 437
1030 327 438
1031 327 438
1032 327 439
1033 327 439
1034 327 439
1035 327 440
1036 327 440
1037 327 440
1038 327 441
1039 327 441
1040 327 441
1041 327 442
1042 327 442
1043 327 442
1044 328 443
1045 328 443
1046 328 443
1047 328 443
1048 328 443
1049 328 444
1050 328 444
1051 329 444
1052 329 444
1053 329 444
1054 329 445
1055 329 445
1056 329 445
1057 330 445
1058 330 445
1059 330 445
1060 330 445
1061 330 445
1062 331 445
1063 331 445
1064 331 445
1065 331 445
1066 332 445
1067 332 445
1068 332 445
1069 332 445
1070 333 444
1071 333 444
1072 333 444
1073 333 444
1074 334 444
1075 334 444
1076 334 444
1077 334 444
1078 334 444
1079 335 444
1080 335 443
1081 335 443
1082 335 443
1083 335 443
1084 335 443
1085 335 443
1086 335 443
1087 335 442
1088 335 442
1089 335 442
1090 335 442
1091 335 442
1092 335 442
1093 335 442
1094 335 441
1095 335 442
1096 335 442
1097 335 442
1098 335 442
1099 335 442
1100 335 442
1101 336 442
1102 336 443
1103 336 443
1104 336 443
1105 336 444
1106 336 444
1107 336 444
1108 336 443
1109 336 443
1110 336 443
1111 336 443
1112 337 443
1113 337 442
1114 337 442
1115 337 442
1116 337 442
1117 337 442
1118 337 441
1119 337 441
1120 337 440
1121 337 440
1122 338 439
1123 338 439
1124 338 439
1125 337 438
1126 338 438
1127 338 437
1128 337 437
1129 337 437
1130 337 436
1131 337 436
1132 337 436
1133 337 436
1134 337 436
1135 337 436
1136 337 436
1137 337 436
1138 336 436
1139 336 436
1140 336 436
1141 336 436
1142 336 436
1143 336 436
1144 335 436
1145 335 436
1146 335 436
1147 335 436
1148 335 437
1149 335 437
1150 335 437
1151 335 438
1152 335 438
1153 335 438
1154 335 439
1155 335 439
1156 335 439
1157 335 439
1158 335 439
1159 335 439
1160 336 439
1161 336 439
1162 336 438
1163 336 438
1164 336 438
1165 336 438
1166 336 437
1167 336 437
1168 336 437
1169 336 437
1170 336 437
1171 336 437
1172 337 437
1173 337 437
1174 337 437
1175 337 437
1176 337 437
1177 337 437
1178 337 437
1179 337 437
1180 337 437
1181 337 437
1182 337 437
1183 337 437
1184 337 437
1185 337 436
1186 337 436
1187 337 436
1188 338 436
1189 338 436
1190 338 436
1191 338 436
1192 338 436
1193 338 436
1194 338 436
1195 338 436
1196 338 435
1197 338 435
1198 338 435
1199 338 435
1200 338 435
1201 337 435
1202 337 435
1203 337 435
1204 337 435
1205 337 435
1206 337 434
1207 336 434
1208 336 434
1209 336 434
1210 336 435
1211 336 435
1212 335 435
1213 335 435
1214 335 435
1215 335 435
1216 334 436
1217 334 436
1218 334 436
1219 334 436
1220 334 436
1221 333 436
1222 333 437
1223 333 437
1224 333 437
1225 333 437
1226 333 437
1227 333 438
1228 333 438
1229 332 438
1230 332 438
1231 332 438
1232 332 438
1233 332 438
1234 332 438
1235 331 437
1236 331 437
1237 331 437
1238 331 437
1239 331 437
1240 330 437
1241 330 436
1242 330 436
1243 330 436
1244 330 436
1245 329 436
1246 329 436
1247 329 436
1248 329 436
1249 328 436
1250 328 436
1251 328 436
1252 328 436
1253 328 436
1254 328 436
1255 328 436
1256 328 436
1257 327 436
1258 327 435
1259 327 435
1260 327 435
1261 326 435
1262 326 435
1263 326 435
1264 326 435
1265 326 434
1266 326 434
1267 325 434
1268 325 433
1269 325 433
1270 325 433
1271 324 432
1272 324 432
1273 324 431
1274 323 431
1275 323 430
1276 323 430
1277 323 429
1278 322 429
1279 322 428
1280 322 428
1281 322 427
1282 322 426
1283 322 426
1284 322 425
1285 322 424
1286 322 424
1287 323 423
1288 323 423
1289 323 422
1290 323 422
1291 323 421
1292 323 421
1293 324 420
1294 324 420
1295 324 420
1296 324 419
1297 324 419
1298 324 419
1299 324 419
1300 324 418
1301 324 418
1302 324 418
1303 325 418
1304 325 418
1305 325 418
1306 325 418
1307 325 418
1308 326 418
1309 326 418
1310 326 418
1311 327 417
1312 327 417
1313 327 418
1314 327 418
1315 328 418
1316 328 418
1317 328 418
1318 328 419
1319 329 419
1320 329 419
1321 329 420
1322 330 420
1323 330 420
1324 330 421
1325 330 421
1326 331 422
1327 331 422
1328 331 422
1329 331 423
1330 331 423
1331 332 423
1332 332 424
1333 332 424
1334 332 425
1335 333 425
1336 333 426
1337 333 426
1338 333 427
1339 334 427
1340 334 428
1341 334 428
1342 335 429
1343 335 429
1344 335 430
1345 335 430
1346 335 430
1347 336 431
1348 336 431
1349 336 432
1350 336 432
1351 336 433
1352 336 433
1353 336 434
1354 336 434
1355 336 435
1356 336 435
1357 336 436
1358 336 436
1359 336 436
1360 336 437
1361 337 437
1362 337 438
1363 337 438
1364 337 439
1365 337 439
1366 338 440
1367 338 440
1368 338 441
1369 338 441
1370 339 442
1371 339 442
1372 339 443
1373 339 443
1374 340 444
1375 340 444
1376 340 445
1377 340 445
1378 340 446
1379 341 446
1380 341 446
1381 341 447
1382 341 447
1383 341 447
1384 341 447
1385 341 448
1386 341 448
1387 341 448
1388 342 448
1389 342 448
1390 341 449
1391 341 449
1392 341 449
1393 341 449
1394 341 449
1395 341 449
1396 341 449
1397 341 449
1398 341 449
1399 341 450
1400 341 450
1401 340 450
1402 340 450
1403 340 450
1404 340 450
1405 340 450
1406 340 450
1407 340 450
1408 340 449
1409 340 449
1410 340 449
1411 340 449
1412 341 449
1413 341 448
1414 341 448
1415 341 448
1416 341 448
1417 341 448
1418 341 447
1419 341 447
1420 341 447
1421 341 447
1422 341 447
1423 341 446
1424 341 446
1425 341 446
1426 341 446
1427 341 446
1428 341 446
1429 340 446
1430 340 445
1431 340 445
1432 340 445
1433 340 445
1434 340 445
1435 340 445
1436 340 445
1437 340 444
1438 340 444
1439 340 444
1440 340 444
1441 340 444
1442 340 444
1443 340 444
1444 340 444
1445 339 444
1446 339 444
1447 339 444
1448 339 444
1449 339 444
1450 339 443
1451 340 443
1452 340 443
1453 340 443
1454 339 442
1455 339 442
1456 339 442
1457 339 443
1458 339 443
1459 339 443
1460 339 443
1461 339 443
1462 338 443
1463 338 443
1464 338 443
1465 338 444
1466 338 444
1467 338 444
1468 338 444
1469 338 444
1470 338 444
1471 338 444
1472 337 444
1473 337 444
1474 337 444
1475 337 444
1476 337 444
1477 337 445
1478 337 445
1479 337 445
1480 337 445
1481 337 445
1482 337 445
1483 337 446
1484 337 446
1485 337 446
1486 337 446
1487 337 446
1488 337 446
1489 337 446
1490 337 447
1491 337 447
1492 337 447
1493 337 447
1494 337 447
1495 337 447
1496 337 447
1497 337 447
1498 337 447
1499 337 447
1500 337 447
1501 337 446
1502 337 446
1503 338 446
1504 338 445
1505 338 445
1506 338 444
1507 338 444
1508 338 444
1509 338 443
1510 338 443
1511 338 443
1512 338 442
1513 338 442
1514 338 441
1515 338 441
1516 338 441
1517 338 440
1518 338 440
1519 338 440
1520 338 440
1521 338 439
1522 338 439
1523 338 439
1524 338 438
1525 338 438
1526 337 438
1527 337 438
1528 336 438
1529 336 438
1530 335 437
1531 335 437
1532 334 437
1533 333 437
1534 332 437
1535 331 437
1536 330 437
1537 329 436
1538 328 436
1539 327 436
1540 325 436
1541 324 436
1542 322 436
1543 321 436
1544 320 436
1545 318 436
1546 317 436
1547 316 435
1548 315 435
1549 314 435
1550 313 435
1551 313 435
1552 312 435
1553 312 435
1554 312 435
1555 312 435
1556 311 435
1557 312 435
1558 312 435
1559 312 435
1560 312 435
1561 312 434
1562 313 434
1563 313 434
1564 313 434
1565 313 434
1566 314 434
1567 314 434
1568 314 434
1569 315 434
1570 315 434
1571 315 434
1572 315 434
1573 316 434
1574 316 434
1575 316 434
1576 317 434
1577 317 434
1578 317 434
1579 318 434
1580 318 435
1581 319 435
1582 319 435
1583 319 435
1584 320 435
1585 320 435
1586 321 435
1587 321 435
1588 321 435
1589 322 435
1590 322 436
1591 322 436
1592 323 436
1593 323 436
1594 323 436
1595 323 436
1596 323 436
1597 323 436
1598 324 436
1599 324 436
1600 324 436
1601 324 436
1602 324 436
1603 325 436
1604 325 436
1605 325 436
1606 325 436
1607 326 436
1608 326 436
1609 326 436
1610 326 436
1611 326 436
1612 326 436
1613 326 436
1614 326 436
1615 326 436
1616 326 436
1617 326 436
1618 326 436
1619 326 436
1620 326 436
1621 326 437
1622 326 437
1623 326 437
1624 326 437
1625 326 437
1626 326 437
1627 326 437
1628 326 438
1629 326 438
1630 326 438
1631 326 438
1632 326 438
1633 326 437
1634 326 437
1635 326 437
1636 326 437
1637 326 437
1638 326 437
1639 326 437
1640 326 437
1641 326 436
1642 326 436
1643 327 436
1644 327 436
1645 327 436
1646 327 437
1647 327 437
1648 327 437
1649 327 437
1650 327 437
1651 327 437
1652 328 437
1653 328 438
1654 328 438
1655 328 438
1656 328 438
1657 328 439
1658 328 439
1659 328 439
1660 328 439
1661 328 440
1662 328 440
1663 328 440
1664 328 440
1665 328 441
1666 328 441
1667 328 441
1668 328 442
1669 328 442
1670 328 443
1671 328 443
1672 328 443
1673 328 444
1674 328 444
1675 328 444
1676 328 445
1677 328 445
1678 328 445
1679 328 445
1680 328 446
1681 328 446
1682 328 446
1683 328 446
1684 328 446
1685 328 447
1686 328 447
1687 328 447
1688 328 447
1689 328 447
1690 328 447
1691 328 448
1692 328 448
1693 328 448
1694 328 448
1695 328 448
1696 328 448
1697 328 448
1698 328 448
1699 328 449
1700 328 449
1701 328 449
1702 328 449
1703 329 449
1704 329 449
1705 329 449
1706 329 449
1707 329 449
1708 329 449
1709 329 450
1710 329 450
1711 329 450
1712 329 450
1713 329 450
1714 329 451
1715 330 451
1716 330 451
1717 330 451
1718 330 451
1719 330 451
1720 331 451
1721 331 451
1722 331 451
1723 331 451
1724 331 451
1725 332 451
1726 332 451
1727 332 450
1728 333 450
1729 333 450
1730 333 449
1731 333 449
1732 334 449
1733 334 449
1734 334 448
1735 334 448
1736 334 448
1737 334 448
1738 335 448
1739 335 448
1740 335 449
1741 335 449
1742 335 449
1743 335 449
1744 335 449
1745 335 449
1746 335 449
1747 335 449
1748 335 450
1749 335 450
1750 336 450
1751 336 450
1752 336 451
1753 336 451
1754 336 451
1755 336 451
1756 336 452
1757 336 452
1758 337 452
1759 337 452
1760 337 452
1761 337 452
1762 337 452
1763 337 452
1764 337 452
1765 337 453
1766 337 453
1767 338 453
1768 338 453
1769 338 453
1770 338 453
1771 338 453
1772 338 453
1773 338 453
1774 338 453
1775 338 453
1776 338 453
1777 338 453
1778 338 453
1779 338 453
1780 338 453
1781 338 453
1782 337 453
1783 337 453
1784 337 453
1785 337 452
1786 337 452
1787 337 452
1788 337 452
1789 337 452
1790 337 452
1791 337 452
1792 337 452
1793 337 452
1794 337 452
1795 337 452
1796 337 453
1797 337 453
1798 337 453
1799 337 453
1800 337 453
1801 337 453
1802 337 453
1803 337 453
1804 337 453
1805 337 453
1806 337 453
1807 337 453
1808 337 453
1809 337 453
1810 337 453
1811 337 453
1812 337 452
1813 337 452
1814 337 452
1815 337 452
1816 337 452
1817 336 452
1818 336 453
1819 336 453
1820 336 453
1821 336 453
1822 336 453
1823 336 453
1824 336 453
1825 336 453
1826 336 453
1827 336 453
1828 336 452
1829 336 452
1830 336 452
1831 336 452
1832 336 452
1833 336 452
1834 336 452
1835 336 452
1836 336 451
1837 336 451
1838 336 451
1839 336 451
1840 336 451
1841 336 451
1842 336 451
1843 336 451
1844 336 451
1845 336 451
1846 336 451
1847 336 451
1848 336 451
1849 336 451
1850 336 451
1851 336 451
1852 336 451
1853 336 451
1854 336 451
1855 336 451
1856 336 451
1857 336 451
1858 336 451
