1 140 431
2 139 432
3 139 432
4 139 432
5 139 432
6 139 432
7 139 432
8 139 432
9 139 432
10 139 432
11 139 432
12 139 432
13 139 432
14 139 432
15 139 432
16 139 432
17 139 432
18 139 432
19 139 432
20 139 432
21 139 432
22 139 432
23 139 432
24 139 432
25 139 432
26 139 432
27 139 432
28 139 432
29 139 432
30 139 432
31 139 432
32 139 432
33 139 432
34 139 432
35 139 432
36 139 432
37 139 432
38 139 432
39 139 432
40 139 432
41 139 432
42 139 432
43 139 432
44 139 432
45 139 432
46 139 432
47 139 432
48 139 432
49 139 432
50 139 432
51 139 432
52 139 432
53 139 432
54 139 432
55 139 432
56 139 432
57 139 432
58 139 432
59 139 432
60 139 432
61 139 432
62 139 432
63 139 432
64 139 432
65 139 432
66 139 432
67 139 432
68 139 432
69 139 432
70 139 432
71 139 432
72 139 432
73 139 433
74 139 433
75 139 433
76 139 432
77 139 432
78 139 432
79 138 432
80 139 432
81 139 432
82 139 432
83 139 432
84 139 432
85 139 432
86 139 432
87 139 432
88 139 432
89 139 431
90 139 431
91 139 431
92 139 432
93 139 432
94 139 432
95 139 433
96 139 433
97 139 433
98 140 434
99 140 434
100 140 434
101 140 434
102 140 434
103 141 433
104 141 433
105 141 433
106 141 434
107 142 434
108 142 434
109 142 433
110 142 433
111 142 433
112 143 433
113 143 433
114 143 433
115 143 432
116 143 432
117 143 432
118 143 432
119 143 431
120 143 431
121 143 431
122 144 432
123 144 432
124 144 431
125 144 431
126 143 430
127 143 430
128 143 429
129 143 429
130 143 429
131 143 429
132 143 428
133 143 428
134 143 428
135 143 428
136 142 428
137 142 427
138 142 427
139 142 427
140 142 427
141 141 426
142 141 426
143 141 426
144 141 426
145 141 425
146 141 425
147 140 425
148 140 425
149 140 425
150 140 425
151 140 425
152 140 425
153 140 425
154 140 425
155 139 425
156 139 425
157 139 425
158 139 425
159 139 425
160 139 425
161 139 425
162 139 425
163 139 425
164 139 425
165 139 426
166 139 426
167 139 426
168 139 426
169 139 426
170 139 426
171 139 426
172 139 426
173 139 426
174 139 426
175 139 426
176 139 426
177 139 426
178 139 426
179 139 426
180 139 426
181 140 426
182 140 427
183 140 427
184 140 427
185 140 426
186 140 427
187 140 427
188 140 427
189 140 427
190 140 427
191 140 427
192 140 427
193 140 427
194 140 427
195 140 427
196 140 427
197 140 427
198 140 427
199 140 427
200 140 427
201 140 428
202 140 428
203 140 428
204 140 428
205 140 428
206 140 428
207 140 429
208 141 429
209 141 429
210 141 429
211 141 429
212 141 429
213 141 430
214 141 430
215 141 430
216 141 430
217 141 430
218 141 430
219 141 430
220 141 431
221 141 431
222 141 431
223 141 431
224 141 432
225 142 432
226 142 432
227 141 433
228 141 433
229 141 434
230 142 434
231 142 435
232 142 436
233 142 436
234 143 437
235 143 437
236 143 437
237 143 437
238 144 437
239 144 437
240 144 438
241 144 438
242 145 438
243 145 438
244 145 438
245 145 437
246 145 438
247 146 438
248 146 438
249 146 438
250 147 438
251 147 438
252 147 438
253 147 438
254 148 438
255 148 438
256 148 438
257 149 439
258 149 439
259 149 439
260 149 439
261 150 439
262 150 439
263 151 439
264 151 439
265 152 439
266 152 439
267 153 439
268 153 440
269 154 440
270 155 440
271 155 440
272 156 440
273 157 440
274 157 440
275 158 440
276 158 441
277 159 441
278 160 441
279 161 442
280 162 442
281 162 442
282 163 442
283 164 443
284 165 443
285 166 443
286 167 443
287 168 443
288 168 443
289 169 443
290 170 442
291 171 442
292 171 442
293 172 442
294 172 441
295 173 441
296 173 441
297 173 440
298 173 440
299 173 439
300 174 439
301 174 439
302 174 439
303 174 439
304 174 439
305 174 439
306 174 439
307 174 438
308 174 438
309 174 438
310 174 438
311 173 438
312 173 438
313 173 438
314 173 438
315 173 438
316 172 438
317 172 438
318 172 438
319 172 438
320 172 439
321 171 439
322 171 439
323 171 439
324 171 439
325 171 439
326 171 439
327 170 440
328 170 440
329 170 440
330 170 440
331 169 440
332 169 440
333 169 441
334 168 441
335 168 441
336 167 441
337 167 441
338 166 442
339 166 442
340 166 443
341 166 443
342 165 443
343 165 444
344 164 444
345 164 444
346 164 445
347 164 445
348 163 446
349 163 446
350 163 446
351 162 446
352 162 447
353 162 447
354 162 447
355 161 447
356 161 447
357 161 447
358 160 447
359 160 446
360 160 446
361 159 446
362 159 446
363 159 446
364 158 445
365 157 445
366 157 444
367 156 444
368 156 443
369 155 443
370 155 443
371 154 442
372 154 442
373 153 442
374 152 441
375 151 441
376 151 440
377 150 440
378 149 440
379 148 439
380 148 439
381 147 439
382 146 439
383 146 438
384 145 438
385 144 438
386 144 437
387 143 437
388 143 437
389 142 437
390 142 437
391 142 437
392 141 436
393 141 436
394 140 436
395 140 436
396 140 436
397 139 435
398 139 435
399 139 435
400 138 435
401 138 435
402 137 434
403 137 434
404 137 434
405 136 434
406 136 434
407 136 434
408 135 434
409 135 434
410 135 434
411 134 434
412 134 434
413 134 434
414 134 434
415 133 435
416 133 435
417 133 435
418 133 435
419 133 435
420 133 434
421 133 434
422 132 434
423 132 434
424 132 434
425 132 434
426 132 434
427 133 434
428 133 434
429 133 434
430 133 434
431 133 434
432 133 434
433 133 434
434 133 434
435 133 434
436 133 434
437 133 434
438 134 434
439 134 434
440 134 434
441 134 434
442 134 434
443 134 434
444 133 434
445 133 434
446 133 434
447 133 434
448 133 434
449 133 434
450 132 434
451 132 434
452 132 434
453 132 434
454 132 434
455 132 434
456 132 434
457 132 434
458 132 434
459 132 434
460 132 434
461 132 434
462 133 434
463 133 434
464 133 434
465 133 434
466 133 434
467 133 434
468 134 434
469 134 434
470 134 435
471 134 435
472 134 435
473 134 435
474 135 435
475 135 435
476 135 435
477 135 434
478 135 434
479 135 434
480 135 434
481 135 434
482 135 434
483 135 434
484 135 434
485 135 434
486 135 434
487 135 433
488 135 433
489 135 433
490 135 433
491 135 433
492 135 433
493 135 433
494 135 433
495 135 434
496 135 434
497 136 434
498 136 435
499 137 435
500 137 436
501 138 437
502 139 438
503 139 439
504 140 439
505 140 439
506 141 440
507 142 441
508 143 441
509 143 441
510 143 441
511 143 441
512 144 441
513 144 440
514 144 440
515 144 440
516 144 439
517 144 439
518 144 439
519 144 438
520 144 438
521 144 437
522 144 437
523 145 437
524 145 436
525 144 435
526 144 435
527 144 435
528 144 434
529 144 434
530 144 434
531 144 434
532 144 434
533 144 434
534 144 434
535 144 434
536 144 433
537 144 434
538 144 434
539 144 434
540 144 434
541 144 433
542 144 433
543 144 434
544 144 433
545 143 434
546 143 434
547 143 434
548 143 434
549 143 434
550 143 434
551 143 434
552 143 434
553 143 434
554 143 434
555 143 434
556 143 433
557 143 433
558 143 433
559 144 433
560 144 433
561 144 433
562 144 433
563 144 433
564 144 433
565 144 433
566 144 433
567 144 433
568 144 433
569 144 432
570 144 433
571 144 433
572 144 433
573 145 432
574 145 433
575 145 433
576 145 433
577 145 433
578 145 433
579 145 433
580 145 433
581 145 433
582 145 433
583 145 433
584 145 433
585 145 433
586 146 433
587 146 433
588 146 433
589 146 433
590 146 432
591 146 432
592 146 432
593 146 432
594 146 432
595 146 431
596 146 431
597 146 431
598 146 431
599 145 431
600 145 431
601 145 431
602 144 430
603 144 430
604 144 430
605 143 430
606 143 430
607 143 431
608 143 431
609 143 431
610 143 432
611 143 433
612 143 434
613 143 435
614 143 435
615 143 436
616 144 438
617 144 438
618 144 438
619 144 439
620 144 439
621 144 440
622 143 441
623 143 441
624 143 442
625 143 442
626 143 443
627 142 444
628 142 444
629 142 445
630 142 446
631 142 446
632 142 446
633 142 447
634 141 447
635 141 447
636 141 448
637 141 448
638 141 448
639 141 448
640 141 448
641 141 448
642 141 449
643 141 449
644 141 449
645 141 449
646 141 449
647 141 449
648 141 449
649 141 450
650 141 450
651 141 450
652 141 450
653 141 451
654 141 451
655 141 452
656 141 452
657 141 452
658 141 453
659 141 453
660 141 453
661 141 453
662 141 453
663 141 453
664 141 453
665 141 453
666 141 453
667 141 453
668 140 453
669 140 453
670 140 453
671 140 453
672 140 453
673 140 453
674 140 453
675 140 453
676 140 453
677 140 453
678 140 453
679 140 454
680 140 454
681 140 454
682 140 454
683 140 454
684 140 454
685 140 454
686 140 454
687 141 454
688 141 455
689 141 455
690 141 455
691 141 455
692 141 455
693 141 455
694 141 456
695 142 456
696 142 456
697 142 456
698 142 456
699 143 457
700 143 457
701 143 457
702 143 457
703 143 458
704 144 458
705 144 459
706 144 459
707 144 459
708 144 459
709 145 459
710 145 459
711 146 460
712 147 460
713 148 461
714 149 463
715 150 464
716 151 465
717 152 466
718 153 467
719 154 467
720 155 467
721 155 467
722 155 466
723 155 466
724 155 466
725 155 466
726 155 465
727 155 465
728 155 465
729 154 465
730 154 464
731 154 464
732 154 464
733 154 464
734 154 464
735 153 463
736 153 463
737 153 463
738 153 463
739 153 463
740 153 462
741 153 462
742 153 462
743 153 462
744 153 462
745 153 462
746 153 462
747 153 462
748 153 462
749 153 462
750 153 462
751 153 462
752 153 462
753 153 462
754 153 462
755 153 462
756 153 462
757 153 462
758 153 462
759 153 462
760 153 462
761 153 462
762 153 462
763 153 462
764 153 462
765 153 462
766 153 462
767 153 462
768 153 462
769 153 462
770 153 462
771 153 462
772 153 462
773 153 462
774 153 462
775 153 462
776 154 462
777 154 462
778 154 462
779 154 462
780 154 462
781 154 462
782 154 462
783 154 462
784 154 462
785 154 462
786 154 462
787 154 462
788 154 461
789 154 462
790 154 461
791 154 462
792 154 462
793 154 462
794 154 462
795 154 462
796 154 462
797 154 462
798 154 462
799 154 462
800 154 462
801 154 462
802 154 462
803 154 462
804 154 462
805 154 462
806 154 462
807 154 462
808 154 462
809 154 462
810 154 462
811 154 462
812 154 462
813 154 462
814 154 462
815 154 462
816 154 462
817 154 462
818 154 462
819 154 462
820 154 461
821 154 461
822 153 460
823 153 460
824 153 459
825 153 459
826 153 459
827 153 458
828 153 458
829 153 457
830 153 457
831 153 456
832 153 455
833 153 455
834 153 455
835 153 455
836 153 455
837 153 455
838 153 455
839 153 456
840 153 456
841 154 456
842 154 456
843 154 456
844 154 456
845 154 457
846 154 457
847 154 457
848 154 457
849 154 457
850 155 457
851 155 458
852 155 458
853 156 458
854 156 458
855 156 458
856 157 458
857 157 457
858 157 457
859 157 457
860 158 458
861 158 458
862 159 458
863 159 458
864 160 457
865 160 457
866 160 457
867 161 456
868 161 456
869 161 456
870 162 456
871 162 456
872 163 456
873 163 456
874 163 455
875 163 454
876 163 453
877 163 452
878 163 451
879 163 451
880 163 450
881 163 450
882 163 450
883 163 449
884 162 448
885 162 448
886 162 447
887 162 446
888 162 446
889 162 446
890 162 446
891 162 446
892 162 445
893 162 445
894 162 444
895 162 444
896 162 443
897 162 443
898 162 443
899 162 443
900 163 443
901 163 443
902 163 443
903 163 443
904 163 443
905 163 442
906 163 441
907 162 441
908 162 441
909 162 441
910 162 441
911 162 441
912 162 441
913 162 441
914 162 441
915 162 441
916 162 441
917 162 441
918 161 441
919 161 441
920 161 441
921 161 442
922 161 442
923 161 441
924 160 441
925 160 441
926 160 440
927 160 440
928 160 440
929 159 440
930 159 440
931 159 440
932 159 440
933 159 440
934 158 440
935 158 440
936 158 440
937 157 439
938 157 438
939 157 438
940 156 438
941 156 438
942 156 437
943 156 438
944 156 438
945 156 438
946 156 437
947 156 437
948 156 437
949 155 437
950 155 436
951 155 436
952 155 437
953 155 437
954 155 437
955 155 437
956 154 437
957 154 437
958 154 437
959 154 437
960 154 437
961 154 437
962 154 438
963 154 438
964 154 439
965 154 439
966 154 440
967 154 440
968 153 440
969 153 440
970 153 440
971 153 440
972 153 440
973 153 440
974 153 441
975 153 441
976 153 441
977 153 441
978 152 441
979 152 441
980 152 441
981 151 441
982 151 440
983 151 441
984 151 441
985 151 441
986 151 441
987 151 441
988 151 442
989 150 441
990 150 441
991 150 441
992 150 441
993 149 441
994 149 441
995 150 442
996 150 442
997 149 442
998 149 441
999 149 441
1000 148 441
1001 156 440
1002 148 440
1003 148 440
1004 147 440
1005 147 440
1006 147 440
1007 147 440
1008 147 440
1009 146 440
1010 146 440
1011 146 440
1012 146 440
1013 146 440
1014 146 440
1015 145 440
1016 145 440
1017 145 440
1018 145 440
1019 145 440
1020 145 440
1021 145 440
1022 145 441
1023 145 441
1024 145 441
1025 145 441
1026 145 441
1027 145 441
1028 145 441
1029 145 442
1030 145 442
1031 145 442
1032 145 443
1033 145 443
1034 145 443
1035 145 443
1036 145 443
1037 145 444
1038 145 444
1039 145 444
1040 145 444
1041 145 444
1042 145 445
1043 145 445
1044 145 445
1045 145 445
1046 146 445
1047 146 446
1048 146 446
1049 146 446
1050 146 446
1051 146 446
1052 146 446
1053 147 447
1054 147 447
1055 147 447
1056 147 447
1057 147 447
1058 148 447
1059 148 447
1060 148 447
1061 148 447
1062 148 448
1063 148 448
1064 149 448
1065 149 448
1066 149 448
1067 149 448
1068 149 448
1069 150 447
1070 150 448
1071 150 448
1072 151 449
1073 152 449
1074 152 449
1075 152 449
1076 152 449
1077 153 450
1078 153 450
1079 154 451
1080 154 451
1081 154 451
1082 154 451
1083 154 451
1084 154 451
1085 154 451
1086 154 450
1087 154 450
1088 155 450
1089 155 450
1090 155 450
1091 155 450
1092 155 450
1093 155 450
1094 155 450
1095 155 450
1096 155 450
1097 156 450
1098 156 450
1099 156 450
1100 156 451
1101 156 451
1102 156 451
1103 156 451
1104 157 452
1105 157 452
1106 157 452
1107 158 452
1108 158 452
1109 159 453
1110 160 453
1111 160 453
1112 161 454
1113 162 454
1114 162 453
1115 163 453
1116 163 453
1117 163 453
1118 164 452
1119 164 452
1120 164 452
1121 164 452
1122 164 451
1123 164 451
1124 164 451
1125 164 451
1126 164 451
1127 164 451
1128 164 451
1129 164 451
1130 164 451
1131 164 451
1132 164 451
1133 164 451
1134 164 451
1135 164 451
1136 164 451
1137 164 451
1138 164 451
1139 164 451
1140 164 451
1141 164 451
1142 163 451
1143 163 451
1144 163 451
1145 163 451
1146 163 452
1147 163 452
1148 163 452
1149 163 452
1150 163 453
1151 163 453
1152 163 453
1153 163 453
1154 163 453
1155 163 453
1156 163 454
1157 163 454
1158 163 454
1159 163 454
1160 162 454
1161 162 454
1162 162 453
1163 162 453
1164 162 453
1165 162 453
1166 161 453
1167 161 452
1168 161 452
1169 160 452
1170 160 453
1171 161 453
1172 161 453
1173 161 453
1174 160 452
1175 160 452
1176 160 452
1177 160 452
1178 160 452
1179 160 452
1180 160 452
1181 160 453
1182 161 453
1183 161 453
1184 161 452
1185 161 452
1186 161 452
1187 161 452
1188 161 451
1189 160 450
1190 160 450
1191 160 450
1192 160 450
1193 160 449
1194 160 449
1195 160 449
1196 160 449
1197 160 449
1198 160 448
1199 160 447
1200 160 447
1201 159 446
1202 159 446
1203 159 446
1204 159 446
1205 159 445
1206 158 444
1207 158 444
1208 158 444
1209 158 444
1210 158 444
1211 158 445
1212 158 445
1213 157 445
1214 157 445
1215 156 445
1216 156 445
1217 156 446
1218 156 447
1219 156 447
1220 157 448
1221 156 448
1222 156 448
1223 156 448
1224 156 448
1225 155 448
1226 155 449
1227 155 449
1228 155 449
1229 155 449
1230 155 449
1231 155 449
1232 155 449
1233 155 449
1234 155 449
1235 154 449
1236 154 449
1237 154 449
1238 154 449
1239 154 449
1240 154 449
1241 153 448
1242 153 448
1243 153 448
1244 153 448
1245 152 447
1246 152 447
1247 152 447
1248 151 446
1249 151 446
1250 151 445
1251 151 445
1252 150 445
1253 150 445
1254 150 445
1255 150 444
1256 150 444
1257 149 444
1258 149 444
1259 150 445
1260 150 445
1261 149 445
1262 149 444
1263 149 444
1264 149 443
1265 148 443
1266 148 442
1267 147 441
1268 147 441
1269 147 440
1270 146 439
1271 146 438
1272 146 437
1273 146 437
1274 146 436
1275 146 435
1276 146 435
1277 146 435
1278 146 434
1279 146 434
1280 146 434
1281 146 434
1282 146 433
1283 146 433
1284 146 432
1285 146 432
1286 146 431
1287 146 431
1288 147 431
1289 147 430
1290 147 430
1291 147 429
1292 147 429
1293 148 429
1294 148 429
1295 148 429
1296 148 428
1297 148 428
1298 148 428
1299 148 428
1300 148 428
1301 148 427
1302 148 427
1303 149 427
1304 149 427
1305 149 427
1306 149 427
1307 149 427
1308 149 427
1309 149 427
1310 149 427
1311 149 427
1312 149 427
1313 149 427
1314 149 427
1315 149 428
1316 149 428
1317 149 428
1318 149 428
1319 149 428
1320 149 429
1321 149 429
1322 150 429
1323 150 430
1324 150 430
1325 150 430
1326 150 431
1327 150 431
1328 150 431
1329 150 432
1330 150 432
1331 150 432
1332 150 432
1333 150 433
1334 150 433
1335 151 434
1336 151 434
1337 151 435
1338 151 435
1339 151 435
1340 151 436
1341 151 436
1342 151 437
1343 152 437
1344 152 437
1345 152 438
1346 152 438
1347 152 438
1348 152 439
1349 152 439
1350 152 439
1351 152 439
1352 152 439
1353 152 440
1354 152 440
1355 152 440
1356 152 441
1357 152 441
1358 152 441
1359 152 442
1360 152 443
1361 152 443
1362 152 443
1363 152 444
1364 152 444
1365 153 444
1366 153 445
1367 153 445
1368 153 445
1369 153 445
1370 153 445
1371 153 446
1372 153 446
1373 153 446
1374 153 447
1375 153 447
1376 154 447
1377 154 447
1378 154 448
1379 154 448
1380 154 448
1381 154 448
1382 154 449
1383 154 449
1384 154 449
1385 154 449
1386 154 449
1387 154 449
1388 154 449
1389 154 449
1390 154 449
1391 154 449
1392 154 450
1393 154 450
1394 154 450
1395 154 450
1396 154 450
1397 154 450
1398 154 450
1399 154 450
1400 154 450
1401 154 450
1402 153 450
1403 153 450
1404 153 450
1405 153 450
1406 153 450
1407 154 450
1408 154 450
1409 154 450
1410 154 450
1411 154 450
1412 154 450
1413 154 450
1414 154 449
1415 154 449
1416 154 449
1417 154 449
1418 154 449
1419 154 449
1420 154 449
1421 154 449
1422 155 449
1423 155 449
1424 155 449
1425 155 449
1426 155 449
1427 155 449
1428 154 448
1429 154 448
1430 154 448
1431 154 448
1432 154 448
1433 154 448
1434 154 448
1435 154 448
1436 154 448
1437 154 447
1438 154 447
1439 154 447
1440 154 447
1441 154 448
1442 154 448
1443 154 448
1444 154 449
1445 155 449
1446 155 449
1447 155 450
1448 156 451
1449 157 451
1450 157 452
1451 158 453
1452 159 454
1453 160 454
1454 160 454
1455 160 455
1456 161 455
1457 161 455
1458 161 455
1459 162 455
1460 162 455
1461 162 456
1462 162 456
1463 162 456
1464 163 456
1465 163 456
1466 163 456
1467 163 456
1468 163 456
1469 163 456
1470 163 456
1471 163 456
1472 163 456
1473 163 455
1474 163 455
1475 163 455
1476 162 455
1477 162 455
1478 162 456
1479 162 456
1480 162 456
1481 162 456
1482 162 456
1483 162 456
1484 162 456
1485 162 456
1486 162 456
1487 162 456
1488 161 456
1489 161 456
1490 162 457
1491 162 457
1492 162 457
1493 161 457
1494 161 457
1495 162 457
1496 162 457
1497 162 457
1498 162 457
1499 162 457
1500 162 457
1501 162 457
1502 162 457
1503 162 458
1504 162 458
1505 162 458
1506 162 458
1507 162 458
1508 162 458
1509 162 458
1510 162 458
1511 162 458
1512 162 458
1513 162 458
1514 162 457
1515 162 457
1516 162 457
1517 162 457
1518 162 456
1519 162 456
1520 162 456
1521 162 456
1522 162 456
1523 162 456
1524 162 456
1525 161 456
1526 161 456
1527 161 456
1528 161 456
1529 160 455
1530 160 455
1531 160 455
1532 159 454
1533 159 454
1534 158 453
1535 157 453
1536 156 452
1537 156 452
1538 155 452
1539 154 451
1540 153 450
1541 152 450
1542 151 450
1543 150 450
1544 149 449
1545 148 449
1546 147 449
1547 146 448
1548 146 448
1549 145 448
1550 144 447
1551 144 447
1552 143 447
1553 143 446
1554 142 446
1555 142 446
1556 142 446
1557 142 446
1558 142 446
1559 142 446
1560 142 445
1561 142 445
1562 142 445
1563 142 445
1564 142 444
1565 142 444
1566 142 444
1567 142 444
1568 142 444
1569 142 444
1570 142 444
1571 142 443
1572 142 443
1573 143 443
1574 143 443
1575 143 442
1576 143 443
1577 144 443
1578 144 443
1579 144 443
1580 145 443
1581 145 443
1582 145 444
1583 145 444
1584 145 444
1585 146 444
1586 146 444
1587 146 445
1588 147 445
1589 147 444
1590 147 444
1591 147 445
1592 147 445
1593 148 445
1594 148 444
1595 148 444
1596 148 445
1597 148 445
1598 148 445
1599 148 446
1600 148 446
1601 148 446
1602 148 446
1603 148 446
1604 148 445
1605 148 446
1606 148 446
1607 148 446
1608 148 446
1609 148 447
1610 148 447
1611 148 447
1612 148 447
1613 148 447
1614 148 447
1615 148 448
1616 148 448
1617 148 448
1618 148 448
1619 148 449
1620 148 449
1621 148 449
1622 148 449
1623 147 449
1624 147 449
1625 147 448
1626 147 448
1627 147 448
1628 147 448
1629 147 448
1630 146 448
1631 146 447
1632 146 447
1633 146 447
1634 146 446
1635 146 446
1636 146 446
1637 146 447
1638 146 447
1639 146 446
1640 146 446
1641 146 446
1642 146 446
1643 145 446
1644 145 446
1645 146 446
1646 146 446
1647 146 446
1648 146 446
1649 146 446
1650 146 446
1651 146 446
1652 146 446
1653 146 446
1654 146 446
1655 146 446
1656 146 447
1657 146 447
1658 146 447
1659 146 447
1660 146 447
1661 146 447
1662 146 448
1663 146 448
1664 146 448
1665 146 448
1666 146 449
1667 146 449
1668 145 449
1669 145 449
1670 145 449
1671 145 450
1672 145 450
1673 145 450
1674 145 450
1675 145 451
1676 145 451
1677 145 451
1678 145 451
1679 145 452
1680 145 452
1681 145 452
1682 145 452
1683 145 452
1684 145 452
1685 145 453
1686 145 453
1687 145 453
1688 145 453
1689 145 453
1690 145 453
1691 145 453
1692 145 454
1693 145 454
1694 145 454
1695 145 454
1696 145 454
1697 145 454
1698 145 454
1699 145 454
1700 145 454
1701 145 454
1702 145 454
1703 145 454
1704 145 454
1705 145 454
1706 145 455
1707 145 454
1708 146 455
1709 146 455
1710 146 455
1711 146 455
1712 146 456
1713 146 456
1714 146 456
1715 146 456
1716 146 456
1717 147 456
1718 147 456
1719 147 456
1720 147 457
1721 147 457
1722 148 457
1723 148 457
1724 148 457
1725 148 457
1726 149 457
1727 149 457
1728 150 457
1729 150 458
1730 151 458
1731 151 457
1732 152 457
1733 152 457
1734 153 457
1735 153 458
1736 154 459
1737 156 459
1738 156 460
1739 157 460
1740 158 460
1741 158 460
1742 159 460
1743 159 460
1744 159 460
1745 160 460
1746 160 460
1747 160 460
1748 160 460
1749 160 460
1750 161 460
1751 161 460
1752 161 460
1753 161 460
1754 161 460
1755 161 460
1756 161 461
1757 161 461
1758 161 461
1759 161 461
1760 161 461
1761 161 461
1762 161 461
1763 161 461
1764 161 461
1765 161 460
1766 161 460
1767 161 460
1768 161 460
1769 161 460
1770 160 459
1771 160 459
1772 160 459
1773 160 459
1774 160 458
1775 160 458
1776 159 457
1777 159 457
1778 159 457
1779 159 456
1780 159 456
1781 159 456
1782 158 455
1783 158 455
1784 158 455
1785 158 454
1786 158 454
1787 158 453
1788 158 453
1789 157 453
1790 157 453
1791 157 453
1792 157 453
1793 157 453
1794 157 453
1795 157 453
1796 157 452
1797 157 452
1798 157 452
1799 157 452
1800 156 452
1801 156 452
1802 156 452
1803 156 452
1804 156 452
1805 156 452
1806 156 452
1807 156 452
1808 156 452
1809 156 452
1810 156 452
1811 156 452
1812 156 452
1813 156 452
1814 156 452
1815 156 452
1816 156 452
1817 156 452
1818 156 452
1819 156 452
1820 156 452
1821 156 452
1822 156 452
1823 156 452
1824 156 453
1825 156 453
1826 156 453
1827 156 453
1828 156 453
1829 156 453
1830 156 453
1831 156 453
1832 156 453
1833 156 453
1834 156 453
1835 156 453
1836 156 453
1837 156 453
1838 156 453
1839 156 453
1840 156 453
1841 156 453
1842 156 453
1843 156 453
1844 156 453
1845 156 453
1846 156 453
1847 156 453
1848 156 453
1849 156 453
1850 156 453
1851 156 453
1852 156 454
1853 156 454
1854 156 454
1855 156 454
1856 156 454
1857 156 454
1858 156 454
