123 301 591
124 303 592
125 304 593
126 305 593
127 305 594
128 305 595
129 306 598
130 307 601
131 307 603
132 307 605
133 307 607
134 308 609
135 307 609
136 307 607
137 307 604
138 306 602
139 306 600
140 305 599
141 304 597
142 304 596
143 304 594
144 304 593
145 303 593
146 303 592
147 303 591
148 302 591
149 302 591
150 301 591
151 301 591
152 301 591
153 301 591
154 300 592
155 300 592
156 299 592
157 299 593
158 299 593
159 299 594
160 299 594
161 299 595
162 299 595
163 299 595
164 299 596
165 299 597
166 299 598
167 299 598
168 300 599
169 300 599
170 300 599
171 300 599
172 300 599
173 300 599
174 300 599
175 300 599
176 300 599
177 300 599
178 300 599
179 300 599
180 300 599
181 300 598
182 300 598
183 300 598
184 300 598
185 300 598
186 300 598
187 300 597
188 300 597
189 300 597
190 300 597
191 300 597
192 300 597
193 300 597
194 300 597
195 300 596
196 300 596
197 300 596
198 300 596
199 300 596
200 300 596
201 300 596
202 300 596
203 300 596
204 300 596
205 300 596
206 300 596
207 300 596
208 299 596
209 299 596
210 299 597
211 299 597
212 299 597
213 299 597
214 299 597
215 299 597
216 299 597
217 300 597
218 300 598
219 301 598
220 301 600
221 302 602
222 302 604
223 303 605
224 303 605
225 304 606
226 305 606
227 306 608
228 306 610
229 307 612
230 308 613
231 310 614
232 313 613
233 316 614
234 319 615
235 321 618
236 323 620
237 325 621
238 327 621
239 329 621
240 332 620
241 335 619
242 338 618
243 342 616
244 346 615
245 349 614
246 353 612
247 356 610
248 359 607
249 362 606
250 366 606
251 370 605
252 375 604
253 378 603
254 382 601
255 385 601
256 389 601
257 392 601
258 395 601
259 398 600
260 401 598
261 403 597
262 405 595
263 408 594
264 409 593
265 411 592
266 412 591
267 414 590
268 415 589
269 416 589
270 416 588
271 417 587
272 418 587
273 418 587
274 419 588
275 420 588
276 420 589
277 421 589
278 421 589
279 422 590
280 422 590
281 423 591
282 424 592
283 424 592
284 425 592
285 425 593
286 426 593
287 427 593
288 427 594
289 428 593
290 428 593
291 429 593
292 429 592
293 430 592
294 430 592
295 431 591
296 431 591
297 432 590
298 432 590
299 432 590
300 433 590
301 433 589
302 433 588
303 433 588
304 433 587
305 433 587
306 433 586
307 433 586
308 433 586
309 433 586
310 433 586
311 433 586
312 433 585
313 433 585
314 433 585
315 432 585
316 432 585
317 432 585
318 432 585
319 431 585
320 431 585
321 431 585
322 431 586
323 431 586
324 431 586
325 430 586
326 430 587
327 430 587
328 430 587
329 430 588
330 430 588
331 430 589
332 429 589
333 429 590
334 428 591
335 428 592
336 426 593
337 425 595
338 423 596
339 420 598
340 417 601
341 414 604
342 411 607
343 407 610
344 404 613
345 401 615
346 399 616
347 397 618
348 396 619
349 395 620
350 394 621
351 393 622
352 391 623
353 390 625
354 389 626
355 388 628
356 386 630
357 384 632
358 381 635
359 377 638
360 372 641
361 366 643
362 358 644
363 348 644
364 337 644
365 327 644
366 319 644
367 311 643
368 302 642
369 294 641
370 284 640
371 275 640
372 266 640
373 258 640
374 253 640
375 249 640
376 245 641
377 241 642
378 238 642
379 234 642
380 232 643
381 230 643
382 229 643
383 228 643
384 227 644
385 226 644
386 224 644
387 222 644
388 220 644
389 218 643
390 215 642
391 213 642
392 209 641
393 205 641
394 201 641
395 199 640
396 196 639
397 193 637
398 189 636
399 186 634
400 182 633
401 179 631
402 175 630
403 172 629
404 168 627
405 166 626
406 163 624
407 160 623
408 158 622
409 156 621
410 154 620
411 152 619
412 151 618
413 150 618
414 149 618
415 148 617
416 147 616
417 146 616
418 146 615
419 145 614
420 145 613
421 144 612
422 144 611
423 144 610
424 144 608
425 144 606
426 144 605
427 144 602
428 145 600
429 145 598
430 146 596
431 146 594
432 147 593
433 147 591
434 147 590
435 148 589
436 148 588
437 148 587
438 148 586
439 148 586
440 148 586
441 148 585
442 148 585
443 148 585
444 147 585
445 147 585
446 147 585
447 146 585
448 146 585
449 146 585
450 145 586
451 145 586
452 145 586
453 145 586
454 144 586
455 144 586
456 144 587
457 144 587
458 144 588
459 144 588
460 144 588
461 144 588
462 145 588
463 145 588
464 145 588
465 145 589
466 145 590
467 146 591
468 146 591
469 146 592
470 147 593
471 147 593
472 147 593
473 147 593
474 147 593
475 147 592
476 148 592
477 148 592
478 148 592
479 148 592
480 148 592
481 148 592
482 148 592
483 148 592
484 148 593
485 148 593
486 148 593
487 149 593
488 149 594
489 149 595
490 150 596
491 151 598
492 153 601
493 155 604
494 158 608
495 164 612
496 170 616
497 178 620
498 186 624
499 194 626
500 202 627
501 210 626
502 217 627
503 225 628
504 233 630
505 240 631
506 247 632
507 253 632
508 259 631
509 264 631
510 269 630
511 275 629
512 280 629
513 285 628
514 290 628
515 294 626
516 298 624
517 301 621
518 304 618
519 307 614
520 309 612
521 310 610
522 310 609
523 310 607
524 310 602
525 309 596
526 309 588
527 309 581
528 308 576
529 308 571
530 307 565
531 305 559
532 303 555
533 303 552
534 302 548
535 301 545
536 301 543
537 301 541
538 301 539
539 301 538
540 301 536
541 300 535
542 300 534
543 300 533
544 299 532
545 299 531
546 299 530
547 299 530
548 299 529
549 299 529
550 299 528
551 299 528
552 299 527
553 298 526
554 298 526
555 298 526
556 298 525
557 298 525
558 298 525
559 298 524
560 299 524
561 299 523
562 299 523
563 299 522
564 299 522
565 299 522
566 299 521
567 299 521
568 299 521
569 299 520
570 300 520
571 300 520
572 300 520
573 300 519
574 300 520
575 300 519
576 300 519
577 300 520
578 301 520
579 301 520
580 301 520
581 301 520
582 302 520
583 302 520
584 302 521
585 302 521
586 303 521
587 303 521
588 303 521
589 303 521
590 303 521
591 304 521
592 304 521
593 305 521
594 305 521
595 305 522
596 305 522
597 305 523
598 305 524
599 305 525
600 306 526
601 306 527
602 306 529
603 306 531
604 304 534
605 302 537
606 298 541
607 296 546
608 294 551
609 293 556
610 292 561
611 291 566
612 291 572
613 290 578
614 291 586
615 291 594
616 291 600
617 290 607
618 289 614
619 288 622
620 288 631
621 290 638
622 292 646
623 294 651
624 296 657
625 297 662
626 298 667
627 299 673
628 300 678
629 301 681
630 303 685
631 303 689
632 302 695
633 302 700
634 302 704
635 301 707
636 301 709
637 300 710
638 300 711
639 300 711
640 300 712
641 300 712
642 300 712
643 299 712
644 300 713
645 300 713
646 299 713
647 300 712
648 300 713
649 299 713
650 300 714
651 300 715
652 300 716
653 300 717
654 300 718
655 300 719
656 301 719
657 301 720
658 301 721
659 301 721
660 301 722
661 302 722
662 302 723
663 302 723
664 303 724
665 304 724
666 305 725
667 305 725
668 305 726
669 306 726
670 306 727
671 306 727
672 306 728
673 306 728
674 306 728
675 306 728
676 306 729
677 306 729
678 306 729
679 306 729
680 306 729
681 306 728
682 305 727
683 305 726
684 305 724
685 306 722
686 306 720
687 306 718
688 307 716
689 307 714
690 308 711
691 309 709
692 310 707
693 310 706
694 310 704
695 311 703
696 311 701
697 312 698
698 312 694
699 313 690
700 313 686
701 314 681
702 314 675
703 315 669
704 315 661
705 315 653
706 294 662
707 293 655
708 292 647
709 289 638
710 287 627
711 286 618
712 287 615
713 287 614
714 287 612
715 286 610
716 284 606
717 283 603
718 281 578
719 286 580
720 281 582
721 283 584
821 287 602
822 287 601
823 288 601
824 288 600
825 288 599
826 288 598
827 290 597
828 292 594
829 293 591
830 295 587
831 295 583
832 296 581
833 297 580
834 297 581
835 297 582
836 296 584
837 291 591
838 293 601
839 299 607
840 302 612
841 303 614
842 304 614
843 305 614
844 306 614
845 310 615
846 316 618
847 322 622
848 326 625
849 329 628
850 332 629
851 334 629
852 336 629
853 338 628
854 340 627
855 343 626
856 348 625
857 353 624
858 363 640
859 369 641
860 374 641
861 380 641
862 385 640
863 389 636
864 392 632
865 395 627
866 397 623
867 399 620
868 401 615
869 403 610
870 405 606
871 407 603
872 408 601
873 409 598
874 410 595
875 411 592
876 412 589
877 413 585
878 414 583
879 414 580
880 414 578
881 414 575
882 415 573
883 415 571
884 415 570
885 415 568
886 415 567
887 415 566
888 415 565
889 415 564
890 415 563
891 415 562
892 415 560
893 415 559
894 415 558
895 415 556
896 415 555
897 415 553
898 415 552
899 415 550
900 415 549
901 415 547
902 415 546
903 415 544
904 414 542
905 414 541
906 413 539
907 412 536
908 411 534
909 410 533
910 409 531
911 385 532
912 383 531
913 381 530
914 379 529
915 377 529
916 376 528
917 374 527
918 372 527
919 369 526
920 367 526
921 365 525
922 363 525
923 361 525
924 358 525
925 355 525
926 351 525
927 347 525
928 343 525
929 339 525
930 335 526
931 331 526
932 327 527
933 323 527
934 319 527
935 316 527
936 313 527
937 311 527
938 307 527
939 304 527
940 302 527
941 301 526
942 300 526
943 298 526
944 297 526
945 295 526
946 293 525
947 290 525
948 288 525
949 286 525
950 285 525
951 284 525
952 282 525
953 279 526
954 276 526
955 272 527
956 269 527
957 266 528
958 263 528
959 261 528
960 258 528
961 255 529
962 252 529
963 249 530
964 246 530
965 242 532
966 238 533
967 234 535
968 231 537
969 227 539
970 223 540
971 219 542
972 215 544
973 212 546
974 208 548
975 204 550
976 201 552
977 198 554
978 196 555
979 195 557
980 194 559
981 194 561
982 193 564
983 193 568
984 193 572
985 192 576
986 191 580
987 189 584
988 188 588
989 187 593
990 187 597
991 186 601
992 187 604
993 187 605
994 187 606
995 187 607
996 187 608
997 186 609
998 185 611
999 185 612
1000 184 614
1001 184 615
1002 192 617
1003 184 617
1004 185 618
1005 186 620
1006 187 621
1007 188 623
1008 189 625
1009 190 628
1010 192 631
1011 194 633
1012 196 636
1013 198 639
1014 200 642
1015 203 645
1016 206 648
1017 209 650
1018 213 652
1019 216 654
1020 219 655
1021 221 656
1022 223 658
1023 225 660
1024 226 662
1025 228 664
1026 230 666
1027 232 668
1028 234 670
1029 236 672
1030 239 673
1031 241 674
1032 243 676
1033 246 677
1034 249 678
1035 253 679
1036 257 680
1037 262 681
1038 267 682
1039 272 682
1040 277 682
1041 283 682
1042 291 681
1043 299 681
1044 308 681
1045 317 680
1046 326 679
1047 335 677
1048 344 676
1049 352 673
1050 360 670
1051 368 666
1052 374 663
1053 378 661
1054 381 660
1055 384 659
1056 387 659
1057 390 658
1058 393 658
1059 395 657
1060 397 655
1061 398 653
1062 400 651
1063 402 648
1064 404 646
1065 405 644
1066 406 642
1067 407 641
1068 408 639
1069 409 636
1070 410 633
1071 410 632
1072 411 630
1073 411 629
1074 410 628
1075 409 627
1076 407 626
1077 404 625
1078 400 623
1079 396 621
1080 392 620
1081 386 618
1082 380 617
1083 374 615
1084 368 613
1085 363 610
1086 358 607
1087 344 600
1088 340 598
1089 337 596
1090 335 594
1091 334 593
1092 334 592
1093 333 591
1094 333 591
1095 334 590
1096 335 589
1097 335 588
1098 335 587
1099 335 585
1100 334 583
1101 334 582
1102 333 581
1103 333 581
1104 331 580
1105 330 578
1106 329 578
1107 328 579
1108 327 578
1109 326 578
1110 326 578
1111 325 578
1112 326 579
1113 326 581
1114 326 582
1115 326 584
1116 326 585
1117 324 586
1118 318 586
1119 319 585
1120 319 584
1121 319 583
1122 319 583
1123 319 582
1124 320 581
1125 319 581
1126 320 580
1127 320 580
1128 320 580
1129 319 579
1130 319 579
1131 319 578
1132 319 578
1133 319 578
1134 319 578
1135 320 578
1136 319 578
1137 319 578
1138 319 579
1139 319 579
1140 319 579
1141 319 579
1142 319 580
1143 319 580
1144 318 580
1145 318 580
1146 318 580
1147 319 581
1148 318 581
1149 319 581
1150 319 581
1151 319 582
1152 319 582
1153 319 582
1154 319 583
1155 319 583
1156 319 583
1157 319 583
1158 319 583
1159 319 583
1160 319 583
1161 320 582
1162 323 583
1163 339 585
1164 364 586
1165 364 585
1166 365 585
1167 365 585
1168 365 585
1169 300 590
1170 299 590
1171 298 592
1172 299 593
1173 300 594
1174 302 594
1175 303 595
1176 304 596
1177 305 597
1178 306 597
1179 307 597
1180 308 598
1181 310 597
1182 312 597
1183 314 597
1184 315 596
1185 316 596
1186 318 596
1187 319 596
1188 321 597
1189 323 596
1190 324 596
1191 325 595
1192 326 595
1193 325 595
1194 323 594
1195 320 594
1196 318 593
1197 316 593
1198 315 593
1199 314 592
1200 313 591
1201 311 590
1202 310 590
1203 308 589
1204 306 586
1205 305 584
1206 303 582
1207 301 582
1208 298 583
1209 294 585
1210 289 586
1211 282 587
1212 276 589
1213 271 591
1214 266 594
1215 261 596
1216 255 597
1217 250 598
1218 246 599
1219 241 600
1220 237 601
1221 234 603
1222 231 604
1223 228 605
1224 225 606
1225 222 606
1226 220 607
1227 217 608
1228 215 608
1229 212 608
1230 209 608
1231 207 608
1232 205 609
1233 203 609
1234 201 609
1235 200 609
1236 199 609
1237 198 609
1238 197 608
1239 197 607
1240 197 606
1241 197 605
1242 196 604
1243 195 603
1244 195 602
1245 194 600
1246 193 598
1247 193 596
1248 193 593
1249 192 591
1250 192 589
1251 191 588
1252 191 587
1253 189 587
1254 188 588
1255 186 588
1256 185 588
1257 184 588
1258 184 588
1259 183 588
1260 181 588
1261 179 589
1262 178 590
1263 176 589
1264 176 589
1265 175 587
1266 175 585
1267 175 583
1268 175 580
1269 176 577
1270 178 574
1271 179 570
1272 181 566
1273 184 562
1274 186 558
1275 189 554
1276 191 550
1277 194 547
1278 196 543
1279 199 540
1280 201 538
1281 203 536
1282 205 534
1283 208 532
1284 210 531
1285 212 529
1286 214 528
1287 216 527
1288 218 525
1289 220 524
1290 223 523
1291 226 522
1292 229 521
1293 232 520
1294 235 519
1295 238 519
1296 242 518
1297 245 518
1298 248 517
1299 252 517
1300 255 516
1301 258 516
1302 261 516
1303 264 516
1304 268 516
1305 271 516
1306 273 516
1307 276 516
1308 279 516
1309 282 516
1310 285 517
1311 289 517
1312 294 518
1313 300 519
1314 306 520
1315 312 521
1316 319 522
1317 326 523
1318 333 523
1319 338 524
1320 342 525
1321 346 525
1322 349 526
1323 351 527
1324 354 528
1325 357 529
1326 360 530
1327 363 530
1328 365 531
1329 367 531
1330 369 531
1331 371 532
1332 374 533
1333 377 534
1334 380 536
1335 383 537
1336 386 539
1337 389 541
1338 391 543
1339 392 544
1340 393 545
1341 394 546
1342 395 548
1343 396 549
1344 397 549
1345 397 550
1346 397 550
1347 398 551
1348 398 552
1349 399 553
1350 399 555
1351 401 558
1352 402 560
1353 403 563
1354 403 565
1355 404 568
1356 405 571
1357 406 573
1358 406 576
1359 407 578
1360 408 582
1361 409 587
1362 410 591
1363 410 595
1364 411 598
1365 411 601
1366 411 604
1367 411 608
1368 411 611
1369 411 614
1370 410 618
1371 409 621
1372 409 623
1373 408 626
1374 407 628
1375 405 631
1376 403 634
1377 401 636
1378 399 638
1379 397 640
1380 394 641
1381 392 643
1382 389 644
1383 387 645
1384 384 646
1385 380 647
1386 377 648
1387 372 650
1388 366 651
1389 359 652
1390 352 654
1391 345 656
1392 339 657
1393 334 658
1394 330 659
1395 327 660
1396 322 660
1397 318 660
1398 313 660
1399 309 660
1400 306 660
1401 304 661
1402 301 661
1403 298 661
1404 295 660
1405 292 660
1406 290 660
1407 288 660
1408 286 660
1409 284 659
1410 282 658
1411 279 658
1412 277 657
1413 275 656
1414 272 656
1415 270 655
1416 267 654
1417 264 654
1418 261 653
1419 257 653
1420 253 652
1421 248 651
1422 244 650
1423 239 648
1424 234 647
1425 230 646
1426 226 645
1427 222 643
1428 219 642
1429 217 640
1430 216 639
1431 216 637
1432 216 636
1433 217 634
1434 219 632
1435 221 630
1436 224 628
1437 227 626
1438 230 623
1439 233 619
1440 238 614
1441 243 608
1442 247 603
1443 252 599
1444 258 595
1445 263 592
1446 269 591
1447 276 594
1448 282 598
1449 287 602
1450 290 604
1451 292 604
1452 293 601
1453 294 597
1454 295 593
1455 295 586
1456 296 585
1457 296 585
1458 298 584
1459 297 585
1460 296 586
1461 295 587
1462 294 588
1463 294 589
1464 293 590
1465 292 591
1466 294 591
1467 294 590
1468 297 590
1469 297 589
1470 298 588
1471 298 588
1515 299 607
1516 299 607
1517 298 606
1518 296 605
1519 295 603
1520 293 602
1521 292 601
1522 291 600
1523 290 600
1524 291 600
1525 291 601
1526 292 601
1527 292 602
1528 292 603
1529 292 604
1530 293 605
1531 293 606
1532 293 607
1533 293 608
1534 293 610
1535 292 610
1536 292 610
1537 292 609
1538 291 607
1539 291 603
1540 291 601
1541 292 599
1542 292 597
1543 291 594
1544 291 590
1545 290 587
1546 289 583
1547 288 579
1548 288 576
1549 288 573
1550 288 570
1551 289 567
1552 290 564
1553 291 563
1554 293 561
1555 294 560
1556 298 558
1557 298 556
1558 298 554
1559 298 552
1560 298 551
1561 299 550
1562 299 548
1563 299 547
1564 300 546
1565 300 545
1566 300 544
1567 301 543
1568 301 541
1569 302 540
1570 302 539
1571 303 538
1572 303 537
1573 304 536
1574 304 535
1575 304 534
1576 304 533
1577 304 533
1578 305 532
1579 305 532
1580 305 531
1581 305 531
1582 306 531
1583 306 530
1584 306 530
1585 306 530
1586 306 530
1587 306 530
1588 306 530
1589 306 529
1590 307 529
1591 307 530
1592 307 530
1593 307 530
1594 308 530
1595 308 529
1596 308 529
1597 308 529
1598 308 530
1599 308 530
1600 309 530
1601 309 531
1602 309 532
1603 310 533
1604 311 535
1605 312 538
1606 312 543
1607 307 548
1608 296 555
1609 296 559
1610 297 564
1611 297 570
1612 296 576
1613 295 584
1614 294 592
1615 294 600
1616 293 608
1617 292 614
1618 292 622
1619 293 630
1620 293 640
1621 293 650
1622 293 660
1623 293 670
1624 293 678
1625 294 684
1626 294 689
1627 295 694
1628 295 699
1629 294 704
1630 293 709
1631 292 713
1632 291 716
1633 291 718
1634 290 720
1635 289 723
1636 288 725
1637 287 727
1638 287 728
1639 287 729
1640 286 730
1641 286 730
1642 285 731
1643 285 732
1644 284 733
1645 284 734
1646 284 735
1647 283 735
1648 283 735
1649 283 736
1650 283 736
1651 283 737
1652 283 738
1653 283 738
1654 283 739
1655 283 740
1656 282 741
1657 282 742
1658 282 742
1659 282 743
1660 282 744
1661 282 744
1662 282 745
1663 282 746
1664 282 746
1665 282 747
1666 282 748
1667 282 748
1668 282 749
1669 282 750
1670 282 750
1671 282 751
1672 282 751
1673 282 752
1674 282 752
1675 281 752
1676 281 753
1677 281 753
1678 281 753
1679 281 754
1680 281 754
1681 281 754
1682 281 754
1683 281 755
1684 281 755
1685 281 755
1686 281 755
1687 281 756
1688 282 756
1689 282 756
1690 282 756
1691 282 756
1692 282 756
1693 282 756
1694 282 756
1695 282 756
1696 282 756
1697 283 756
1698 283 756
1699 284 756
1700 284 755
1701 285 754
1702 285 754
1703 285 753
1704 285 753
1705 286 752
1706 286 752
1707 286 751
1708 286 751
1709 286 751
1710 286 751
1711 286 751
1712 286 751
1713 286 752
1714 286 751
1715 287 750
1716 287 749
1717 288 747
1718 289 744
1719 290 740
1720 290 736
1721 290 730
1722 290 723
1723 290 714
1724 291 703
1725 291 688
1726 289 671
1727 289 655
1728 288 641
1729 287 628
1730 286 620
1731 286 616
1732 286 613
1733 285 609
1734 284 607
1735 285 607
1736 286 607
1737 288 608
1738 292 608
1739 355 624
1740 293 603
1741 293 598
1742 293 595
1743 294 595
1744 425 576
1745 311 586
1746 412 592
1747 312 584
1748 313 584
