120 733 569
121 732 569
122 732 569
123 732 571
124 732 572
125 732 572
126 731 573
127 730 574
128 729 575
129 727 578
130 725 580
131 723 582
132 721 583
133 720 585
134 718 586
135 717 586
136 716 585
137 716 583
138 715 581
139 714 579
140 713 577
141 712 576
142 712 574
143 711 572
144 711 571
145 710 570
146 710 569
147 710 568
148 709 568
149 708 568
150 708 568
151 707 568
152 707 568
153 706 568
154 706 568
155 705 569
156 705 569
157 704 569
158 704 570
159 704 570
160 704 571
161 703 571
162 703 571
163 703 571
164 702 572
165 702 573
166 702 573
167 702 574
168 702 574
169 702 575
170 702 575
171 702 575
172 702 575
173 702 575
174 702 575
175 702 575
176 702 575
177 702 574
178 702 574
179 702 574
180 702 574
181 702 574
182 702 574
183 702 574
184 702 574
185 702 574
186 702 573
187 702 573
188 702 573
189 702 573
190 702 573
191 702 573
192 702 573
193 702 573
194 702 573
195 702 573
196 702 573
197 702 573
198 702 573
199 702 572
200 702 572
201 701 573
202 701 572
203 701 573
204 701 573
205 701 573
206 701 573
207 701 573
208 701 573
209 701 573
210 701 573
211 701 573
212 701 573
213 701 573
214 701 573
215 702 573
216 702 573
217 702 573
218 703 573
219 703 573
220 704 574
221 704 575
222 705 576
223 706 577
224 706 577
225 708 577
226 709 577
227 710 579
228 712 580
229 713 582
230 715 583
231 717 583
232 720 583
233 722 584
234 725 585
235 728 587
236 730 590
237 733 591
238 736 591
239 738 591
240 741 591
241 744 591
242 748 590
243 753 589
244 758 589
245 763 589
246 768 589
247 774 588
248 779 587
249 786 587
250 794 587
251 800 587
252 806 587
253 812 585
254 817 584
255 822 584
256 827 584
257 831 584
258 836 584
259 840 583
260 844 582
261 848 580
262 851 579
263 855 578
264 857 577
265 859 576
266 861 575
267 863 574
268 864 573
269 865 573
270 866 572
271 867 571
272 868 571
273 869 571
274 870 572
275 871 573
276 873 573
277 874 573
278 876 574
279 877 574
280 879 574
281 880 575
282 882 576
283 884 576
284 885 577
285 887 577
286 888 577
287 889 578
288 890 578
289 891 578
290 892 577
291 893 577
292 893 577
293 894 577
294 894 577
295 895 576
296 895 576
297 896 575
298 896 575
299 897 574
300 897 574
301 897 574
302 897 573
303 898 572
304 898 572
305 898 571
306 898 571
307 898 570
308 898 570
309 897 570
310 897 570
311 897 570
312 897 569
313 896 569
314 896 569
315 896 569
316 896 568
317 895 568
318 895 568
319 894 569
320 894 569
321 894 569
322 893 570
323 893 570
324 893 570
325 892 570
326 892 571
327 891 571
328 891 571
329 890 572
330 890 572
331 889 573
332 889 573
333 888 574
334 887 575
335 885 576
336 884 577
337 881 579
338 879 580
339 876 582
340 872 584
341 868 587
342 863 589
343 858 591
344 853 593
345 850 595
346 846 596
347 844 597
348 843 598
349 841 599
350 839 600
351 837 601
352 835 602
353 832 602
354 830 602
355 827 603
356 823 604
357 818 605
358 812 605
359 806 606
360 797 607
361 787 607
362 775 607
363 763 606
364 752 606
365 742 606
366 734 605
367 726 604
368 718 603
369 711 603
370 703 603
371 696 603
372 689 602
373 683 602
374 679 603
375 676 604
376 674 605
377 671 606
378 669 606
379 667 607
380 666 607
381 665 608
382 664 608
383 663 608
384 663 609
385 662 609
386 661 610
387 660 610
388 658 610
389 656 609
390 655 609
391 653 608
392 650 608
393 647 608
394 645 608
395 643 608
396 641 607
397 638 606
398 636 605
399 633 604
400 630 603
401 628 602
402 625 601
403 622 600
404 620 599
405 618 598
406 616 596
407 615 595
408 613 595
409 611 595
410 610 594
411 609 593
412 608 592
413 607 592
414 606 591
415 605 591
416 604 590
417 604 590
418 603 589
419 603 588
420 602 587
421 602 586
422 601 585
423 601 583
424 601 581
425 600 580
426 600 578
427 600 576
428 600 574
429 601 572
430 601 570
431 601 569
432 602 567
433 602 566
434 602 565
435 603 564
436 603 563
437 603 562
438 603 562
439 604 561
440 604 561
441 604 561
442 603 561
443 603 561
444 603 561
445 603 561
446 603 561
447 602 561
448 602 561
449 602 561
450 602 561
451 601 562
452 601 561
453 601 561
454 601 562
455 601 562
456 601 562
457 601 563
458 601 563
459 601 564
460 601 564
461 601 564
462 601 564
463 601 564
464 601 564
465 601 565
466 601 565
467 602 566
468 602 566
469 602 567
470 602 568
471 603 568
472 603 568
473 603 568
474 603 568
475 603 567
476 603 567
477 603 567
478 604 567
479 604 567
480 604 567
481 604 567
482 604 567
483 604 567
484 604 567
485 604 567
486 604 568
487 604 568
488 604 568
489 604 568
490 605 569
491 606 570
492 607 572
493 608 574
494 610 578
495 613 582
496 617 586
497 623 592
498 628 597
499 634 601
500 639 604
501 645 605
502 652 606
503 658 607
504 665 610
505 672 612
506 678 613
507 683 613
508 688 613
509 693 613
510 697 612
511 701 612
512 706 612
513 709 612
514 712 612
515 715 611
516 717 608
517 719 605
518 720 602
519 721 599
520 721 596
521 721 595
522 720 593
523 718 591
524 716 586
525 714 579
526 713 571
527 712 564
528 711 559
529 710 554
530 709 548
531 709 542
532 710 538
533 711 534
534 711 531
535 711 528
536 711 526
537 712 523
538 712 521
539 712 520
540 712 519
541 712 517
542 713 516
543 713 515
544 713 514
545 713 513
546 713 513
547 713 512
548 713 512
549 713 511
550 714 511
551 714 510
552 714 510
553 714 509
554 714 509
555 714 509
556 714 508
557 714 508
558 715 507
559 715 507
560 715 507
561 715 506
562 715 506
563 716 505
564 716 505
565 716 505
566 716 504
567 716 504
568 716 504
569 716 503
570 716 503
571 717 503
572 717 503
573 717 503
574 717 503
575 717 503
576 717 503
577 717 503
578 717 503
579 718 503
580 718 503
581 718 503
582 718 503
583 718 504
584 718 504
585 718 504
586 719 504
587 719 504
588 719 504
589 719 504
590 719 504
591 719 504
592 719 504
593 719 504
594 719 504
595 719 504
596 718 504
597 718 505
598 717 506
599 717 507
600 717 508
601 716 509
602 716 511
603 716 513
604 714 516
605 714 519
606 714 524
607 714 531
608 715 539
609 715 547
610 716 555
611 717 563
612 718 571
613 720 580
614 721 589
615 722 597
616 723 605
617 723 612
618 723 619
619 722 627
620 722 634
621 724 640
622 726 644
623 728 647
624 730 650
625 731 653
626 732 656
627 733 659
628 729 659
629 734 663
630 739 666
631 741 668
632 742 672
633 742 677
634 740 681
635 740 685
636 740 687
637 740 688
638 739 689
639 739 690
640 739 690
641 739 691
642 739 691
643 738 691
644 739 691
645 739 691
646 739 691
647 738 691
648 738 692
649 738 692
650 738 693
651 739 693
652 739 694
653 740 696
654 738 697
655 739 698
656 739 699
657 741 699
658 741 700
659 741 701
660 741 702
661 742 702
662 741 703
663 742 704
664 743 704
665 744 705
666 744 706
667 745 707
668 746 707
669 746 708
670 747 708
671 747 709
672 747 709
673 747 709
674 747 709
675 747 709
676 747 709
677 747 710
678 747 710
679 747 710
680 747 710
681 747 709
682 746 709
683 745 708
684 745 707
685 745 705
686 745 704
687 745 702
688 745 700
689 745 697
690 745 695
691 745 693
692 746 692
693 746 690
694 746 689
695 747 688
696 747 686
697 748 684
698 748 681
699 748 678
700 748 675
701 748 672
702 749 669
703 749 665
704 749 659
705 749 653
706 719 633
707 718 624
708 718 616
709 718 609
710 720 603
711 724 599
712 730 599
713 733 597
714 735 595
715 735 593
716 736 590
717 737 585
718 738 583
719 739 581
720 739 581
721 740 580
828 731 580
829 731 577
830 732 572
831 732 568
832 732 566
833 733 566
834 732 567
835 730 567
836 729 569
837 729 576
838 732 586
839 733 593
840 735 598
841 737 600
842 739 601
843 741 601
844 744 601
845 747 603
846 751 606
847 756 610
848 760 613
849 764 616
850 767 617
851 769 618
852 772 617
853 774 617
854 777 616
855 782 615
856 787 614
857 793 613
858 800 613
859 807 615
860 813 617
861 818 618
862 823 617
863 826 614
864 827 609
865 828 605
866 830 602
867 832 599
868 833 595
869 835 590
870 836 586
871 837 584
872 838 581
873 838 579
874 839 576
875 839 572
876 839 569
877 839 566
878 838 563
879 838 560
880 838 558
881 838 556
882 838 554
883 837 552
884 837 550
885 837 549
886 837 547
887 837 546
888 837 545
889 838 544
890 838 543
891 838 542
892 838 541
893 837 540
894 837 539
895 836 537
896 836 536
897 835 535
898 834 533
899 833 532
900 831 531
901 830 529
902 828 528
903 827 527
904 825 526
905 823 524
906 820 523
907 817 521
908 815 520
909 812 519
910 810 518
911 808 517
912 805 516
913 803 515
914 800 514
915 797 513
916 794 513
917 792 512
918 789 511
919 785 511
920 781 511
921 778 510
922 775 510
923 771 510
924 768 511
925 763 511
926 758 511
927 754 511
928 751 510
929 748 510
930 744 510
931 739 510
932 734 511
933 729 512
934 725 512
935 721 512
936 718 512
937 714 513
938 711 513
939 709 512
940 707 512
941 706 512
942 705 511
943 704 511
944 702 511
945 701 511
946 699 511
947 697 510
948 695 510
949 694 510
950 692 510
951 691 510
952 689 510
953 687 511
954 683 511
955 680 512
956 677 512
957 675 513
958 672 513
959 670 513
960 668 513
961 666 514
962 663 514
963 661 515
964 658 516
965 654 517
966 650 519
967 647 520
968 644 523
969 641 525
970 638 526
971 635 527
972 633 529
973 630 531
974 627 533
975 625 536
976 623 538
977 620 539
978 619 541
979 617 542
980 616 544
981 615 547
982 614 550
983 613 554
984 611 559
985 610 564
986 608 568
987 607 572
988 607 577
989 606 581
990 606 585
991 606 588
992 606 590
993 607 592
994 607 592
995 607 593
996 607 594
997 606 595
998 606 597
999 606 598
1000 606 599
1001 605 600
1002 614 602
1003 606 602
1004 606 603
1005 607 605
1006 607 606
1007 608 607
1008 609 609
1009 610 612
1010 612 615
1011 613 618
1012 614 620
1013 616 623
1014 618 626
1015 620 629
1016 622 632
1017 625 634
1018 627 636
1019 630 638
1020 632 640
1021 634 641
1022 636 643
1023 637 645
1024 638 647
1025 640 649
1026 642 651
1027 643 653
1028 645 655
1029 647 657
1030 649 659
1031 651 660
1032 653 661
1033 656 663
1034 659 664
1035 662 666
1036 665 667
1037 668 648
1038 672 650
1039 676 651
1040 681 652
1041 686 652
1042 692 652
1043 700 653
1044 708 654
1045 717 654
1046 726 654
1047 736 653
1048 746 652
1049 756 650
1050 765 648
1051 773 645
1052 782 645
1053 789 645
1054 794 644
1055 798 643
1056 802 643
1057 808 644
1058 813 645
1059 817 645
1060 822 645
1061 826 644
1062 830 642
1063 834 640
1064 838 638
1065 840 636
1066 841 634
1067 843 632
1068 843 629
1069 843 626
1070 843 622
1071 843 619
1072 842 617
1073 840 615
1074 837 613
1075 834 612
1076 830 610
1077 826 608
1078 821 607
1079 816 605
1080 810 603
1081 803 601
1082 796 600
1083 788 598
1084 782 595
1085 776 592
1086 771 588
1087 766 584
1088 761 581
1089 758 579
1090 757 577
1091 756 576
1092 756 574
1093 757 574
1094 758 573
1095 761 573
1096 764 572
1097 767 571
1098 770 570
1099 771 568
1100 773 567
1101 775 565
1102 776 565
1103 775 565
1104 770 563
1105 743 563
1106 742 562
1107 741 562
1108 741 562
1109 741 562
1110 748 562
1111 757 562
1112 755 563
1113 757 564
1114 756 566
1115 757 568
1116 759 569
1117 738 724
1118 735 563
1119 735 563
1120 735 563
1121 735 563
1122 735 563
1123 735 562
1124 736 562
1125 736 561
1126 736 561
1127 737 560
1128 737 560
1129 737 559
1130 737 558
1131 737 558
1132 738 557
1133 738 557
1134 738 556
1135 738 556
1136 739 556
1137 738 556
1138 738 556
1139 739 556
1140 739 557
1141 738 557
1142 738 557
1143 738 557
1144 737 557
1145 737 557
1146 737 558
1147 737 558
1148 738 558
1149 737 558
1150 737 558
1151 737 558
1152 737 559
1153 737 559
1154 737 559
1155 737 560
1156 737 560
1157 737 560
1158 737 559
1159 737 559
1160 736 559
1161 737 558
1162 736 557
1163 736 555
1164 735 553
1165 736 551
1166 735 549
1167 736 548
1168 735 547
1169 735 546
1170 734 546
1171 734 545
1172 734 545
1173 734 545
1174 734 545
1175 734 545
1176 735 545
1177 734 545
1178 734 545
1179 733 545
1180 734 544
1181 734 544
1182 734 544
1183 735 544
1184 735 544
1185 735 544
1186 735 544
1187 738 583
1188 739 583
1189 740 583
1190 741 582
1191 741 582
1192 740 581
1193 738 581
1194 735 581
1195 730 580
1196 727 580
1197 724 579
1198 721 578
1199 720 577
1200 718 575
1201 716 575
1202 714 574
1203 711 573
1204 709 571
1205 707 568
1206 705 567
1207 703 567
1208 699 568
1209 695 570
1210 689 571
1211 683 573
1212 677 576
1213 671 578
1214 667 580
1215 663 582
1216 659 583
1217 656 583
1218 653 584
1219 650 584
1220 647 585
1221 644 586
1222 642 587
1223 640 588
1224 639 588
1225 637 589
1226 635 589
1227 634 590
1228 632 590
1229 631 590
1230 629 590
1231 628 590
1232 627 590
1233 625 590
1234 624 590
1235 623 590
1236 623 590
1237 622 590
1238 621 589
1239 621 588
1240 621 587
1241 621 586
1242 620 585
1243 620 584
1244 620 583
1245 620 581
1246 619 579
1247 620 576
1248 620 573
1249 620 571
1250 621 569
1251 620 568
1252 620 567
1253 619 567
1254 618 567
1255 617 568
1256 617 568
1257 616 567
1258 615 567
1259 615 568
1260 614 568
1261 612 569
1262 611 570
1263 610 569
1264 610 568
1265 609 567
1266 609 565
1267 610 563
1268 610 560
1269 612 557
1270 613 554
1271 615 550
1272 617 546
1273 619 542
1274 621 538
1275 622 535
1276 623 531
1277 624 528
1278 625 525
1279 627 522
1280 628 520
1281 630 518
1282 631 516
1283 633 515
1284 635 513
1285 637 512
1286 638 510
1287 640 509
1288 642 508
1289 644 507
1290 646 506
1291 647 505
1292 650 504
1293 652 503
1294 654 502
1295 657 501
1296 660 500
1297 662 500
1298 665 500
1299 669 499
1300 672 498
1301 674 498
1302 677 498
1303 680 498
1304 683 498
1305 686 498
1306 689 498
1307 691 498
1308 694 498
1309 697 498
1310 699 499
1311 703 499
1312 708 500
1313 713 501
1314 720 502
1315 727 503
1316 734 504
1317 741 505
1318 749 505
1319 755 506
1320 761 506
1321 766 507
1322 769 508
1323 773 509
1324 776 510
1325 780 511
1326 784 512
1327 788 513
1328 791 513
1329 794 513
1330 797 514
1331 800 515
1332 804 516
1333 808 517
1334 813 519
1335 818 521
1336 822 523
1337 827 525
1338 830 527
1339 832 528
1340 833 529
1341 835 530
1342 837 532
1343 838 533
1344 839 534
1345 839 534
1346 840 535
1347 840 535
1348 840 537
1349 841 538
1350 842 540
1351 843 543
1352 844 546
1353 845 549
1354 846 552
1355 848 555
1356 848 559
1357 850 562
1358 851 564
1359 853 568
1360 855 573
1361 856 578
1362 856 583
1363 855 587
1364 855 589
1365 855 592
1366 855 596
1367 853 599
1368 852 602
1369 851 606
1370 849 608
1371 847 611
1372 846 614
1373 845 616
1374 842 618
1375 840 620
1376 837 622
1377 833 624
1378 830 626
1379 827 627
1380 824 628
1381 821 630
1382 818 631
1383 814 632
1384 810 633
1385 806 633
1386 801 634
1387 795 636
1388 788 637
1389 781 638
1390 760 650
1391 752 653
1392 745 653
1393 739 653
1394 734 653
1395 730 653
1396 726 653
1397 720 652
1398 716 651
1399 712 650
1400 709 650
1401 706 650
1402 704 649
1403 701 648
1404 698 647
1405 695 646
1406 693 647
1407 692 646
1408 690 646
1409 688 645
1410 686 644
1411 683 642
1412 681 641
1413 679 640
1414 678 639
1415 676 638
1416 674 637
1417 672 636
1418 669 636
1419 666 635
1420 662 634
1421 659 632
1422 655 631
1423 652 629
1424 648 628
1425 646 627
1426 643 625
1427 641 624
1428 639 622
1429 638 620
1430 638 619
1431 638 617
1432 638 616
1433 639 614
1434 640 612
1435 642 611
1436 643 609
1437 646 606
1438 648 604
1439 652 600
1440 656 595
1441 662 590
1442 669 585
1443 675 581
1444 682 578
1445 691 574
1446 699 573
1447 707 576
1448 715 580
1449 721 585
1450 725 587
1451 729 587
1452 732 585
1453 735 581
1454 738 575
1455 741 572
1456 743 569
1457 745 560
1458 744 561
1459 742 562
1460 742 563
1461 741 564
1462 742 565
1463 743 566
1464 743 567
1465 742 568
1466 743 568
1467 742 569
1468 742 570
1469 742 570
1470 743 570
1471 743 570
1472 743 570
1510 738 585
1511 739 584
1512 740 582
1513 740 581
1514 741 580
1515 740 579
1516 740 578
1517 740 578
1518 739 577
1519 739 576
1520 739 576
1521 739 576
1522 740 576
1523 741 577
1524 742 578
1525 743 578
1526 743 578
1527 742 579
1528 742 580
1529 741 581
1530 740 582
1531 739 583
1532 721 599
1533 719 600
1534 716 601
1535 714 602
1536 711 602
1537 709 601
1538 707 599
1539 705 595
1540 705 592
1541 704 590
1542 703 587
1543 701 582
1544 700 578
1545 698 573
1546 696 569
1547 695 564
1548 695 560
1549 695 557
1550 695 554
1551 695 551
1552 695 548
1553 695 546
1554 696 545
1555 696 543
1556 696 541
1557 697 539
1558 697 537
1559 698 536
1560 699 534
1561 699 533
1562 700 532
1563 701 530
1564 701 529
1565 702 528
1566 702 527
1567 703 526
1568 704 525
1569 705 523
1570 705 523
1571 706 522
1572 707 521
1573 707 519
1574 708 519
1575 708 518
1576 709 517
1577 709 516
1578 710 516
1579 710 515
1580 710 515
1581 711 515
1582 711 514
1583 712 514
1584 712 514
1585 713 514
1586 713 514
1587 713 513
1588 714 513
1589 714 513
1590 714 513
1591 714 513
1592 715 513
1593 715 513
1594 715 513
1595 715 513
1596 716 513
1597 716 513
1598 716 513
1599 716 514
1600 715 514
1601 715 515
1602 715 515
1603 715 517
1604 715 519
1605 714 522
1606 711 527
1607 705 533
1608 693 540
1609 693 543
1610 693 547
1611 693 552
1612 692 557
1613 691 562
1614 711 584
1615 710 595
1616 710 604
1617 709 613
1618 709 621
1619 709 630
1620 710 639
1621 710 647
1622 736 617
1623 787 659
1624 713 671
1625 716 674
1626 718 676
1627 754 570
1628 711 688
1629 714 693
1630 717 696
1631 718 699
1632 718 701
1633 718 702
1634 718 704
1635 718 707
1636 718 709
1637 718 710
1638 718 711
1639 718 712
1640 717 713
1641 717 714
1642 717 715
1643 717 716
1644 717 717
1645 717 718
1646 717 718
1647 717 718
1648 717 719
1649 717 719
1650 717 720
1651 717 720
1652 717 721
1653 717 722
1654 717 722
1655 717 723
1656 717 724
1657 718 725
1658 718 725
1659 718 726
1660 718 727
1661 718 727
1662 718 728
1663 718 728
1664 718 729
1665 718 730
1666 719 730
1667 719 731
1668 719 732
1669 719 732
1670 719 733
1671 719 733
1672 719 734
1673 719 734
1674 718 735
1675 718 735
1676 718 735
1677 718 736
1678 718 736
1679 718 736
1680 718 737
1681 718 737
1682 718 737
1683 718 737
1684 718 737
1685 718 738
1686 718 738
1687 718 738
1688 719 739
1689 719 739
1690 719 739
1691 719 739
1692 719 739
1693 719 739
1694 719 739
1695 720 739
1696 720 739
1697 720 739
1698 721 739
1699 721 739
1700 722 739
1701 721 738
1702 721 738
1703 721 737
1704 721 737
1705 721 736
1706 721 736
1707 721 736
1708 721 736
1709 721 736
1710 721 736
1711 721 736
1712 721 736
1713 721 735
1714 722 735
1715 723 734
1716 723 733
1717 723 731
1718 723 728
1719 723 726
1720 722 722
1721 721 718
1722 718 713
1723 716 705
1724 715 696
1725 716 685
1726 708 649
1727 717 651
1728 717 635
1729 718 620
1730 720 610
1731 724 605
1732 725 601
1733 726 597
1734 729 596
1735 729 593
1736 730 594
1737 731 594
1738 732 593
1739 733 590
1740 734 585
1741 734 580
1742 735 577
1743 725 453
1744 804 574
1745 733 563
1746 733 564
1747 733 564
