121 506 549
122 506 551
123 507 552
124 508 553
125 509 554
126 508 554
127 508 555
128 508 557
129 507 559
130 506 561
131 505 563
132 504 565
133 504 567
134 503 568
135 502 568
136 502 566
137 501 564
138 501 562
139 500 560
140 500 559
141 498 557
142 498 556
143 498 554
144 498 553
145 497 552
146 497 551
147 496 550
148 496 550
149 495 550
150 495 550
151 495 550
152 494 551
153 494 551
154 494 551
155 493 552
156 493 552
157 492 552
158 492 552
159 492 553
160 492 553
161 492 554
162 492 554
163 491 554
164 491 554
165 491 555
166 491 556
167 491 556
168 491 557
169 491 557
170 491 557
171 491 557
172 491 557
173 491 557
174 491 557
175 491 557
176 491 557
177 491 557
178 491 557
179 491 557
180 491 557
181 491 557
182 491 556
183 491 556
184 491 556
185 492 556
186 492 556
187 491 556
188 491 556
189 491 556
190 491 556
191 491 556
192 492 556
193 492 555
194 492 555
195 492 555
196 491 555
197 491 555
198 491 555
199 492 555
200 491 555
201 491 555
202 491 555
203 491 555
204 491 555
205 491 555
206 491 555
207 491 555
208 491 555
209 491 555
210 491 556
211 491 556
212 491 555
213 491 556
214 491 556
215 491 556
216 491 556
217 492 556
218 492 556
219 492 556
220 493 557
221 493 557
222 493 558
223 493 559
224 494 559
225 495 559
226 495 559
227 496 560
228 497 561
229 497 562
230 498 563
231 500 563
232 503 563
233 505 563
234 508 565
235 510 567
236 513 569
237 515 570
238 517 571
239 520 570
240 522 570
241 525 570
242 529 568
243 533 568
244 538 568
245 544 568
246 549 568
247 553 567
248 558 566
249 564 566
250 570 566
251 575 566
252 580 565
253 585 564
254 589 562
255 593 562
256 597 562
257 601 562
258 605 562
259 608 561
260 611 560
261 614 558
262 617 557
263 619 556
264 621 555
265 623 554
266 625 553
267 626 552
268 627 551
269 628 551
270 629 550
271 630 550
272 631 549
273 631 550
274 632 550
275 633 551
276 634 551
277 635 551
278 636 552
279 637 552
280 638 552
281 639 553
282 640 554
283 641 554
284 642 554
285 643 555
286 644 555
287 645 555
288 646 556
289 647 555
290 647 555
291 648 555
292 649 555
293 649 555
294 650 555
295 650 554
296 650 554
297 651 553
298 651 553
299 651 552
300 652 552
301 652 552
302 652 551
303 652 550
304 652 550
305 652 549
306 652 549
307 652 548
308 652 548
309 652 548
310 652 548
311 652 548
312 651 548
313 651 547
314 651 547
315 651 547
316 651 547
317 650 547
318 650 547
319 650 547
320 649 547
321 649 547
322 649 548
323 648 548
324 648 548
325 648 548
326 648 549
327 647 549
328 647 549
329 647 550
330 646 550
331 646 550
332 646 551
333 645 552
334 644 553
335 643 553
336 642 555
337 640 556
338 638 557
339 636 559
340 632 561
341 629 563
342 625 566
343 621 568
344 617 570
345 614 572
346 611 573
347 609 574
348 608 575
349 606 576
350 605 577
351 603 577
352 601 578
353 599 578
354 597 579
355 595 579
356 592 580
357 588 581
358 583 582
359 577 583
360 570 584
361 561 584
362 551 584
363 540 584
364 530 584
365 521 584
366 513 583
367 505 583
368 498 582
369 491 582
370 483 582
371 475 582
372 468 582
373 463 582
374 459 582
375 456 584
376 453 585
377 450 586
378 447 586
379 445 587
380 443 587
381 442 588
382 441 588
383 440 588
384 439 589
385 438 589
386 437 590
387 436 590
388 434 590
389 432 589
390 430 589
391 428 589
392 426 589
393 423 589
394 420 589
395 418 589
396 416 588
397 413 587
398 410 587
399 408 586
400 405 584
401 402 583
402 399 582
403 396 582
404 394 581
405 392 580
406 389 578
407 387 577
408 385 577
409 383 576
410 382 576
411 380 575
412 379 574
413 378 574
414 377 573
415 376 573
416 376 572
417 375 572
418 375 571
419 374 570
420 374 569
421 373 568
422 373 567
423 373 566
424 373 564
425 373 562
426 373 561
427 373 558
428 373 556
429 373 555
430 374 553
431 374 552
432 374 550
433 375 549
434 375 548
435 376 547
436 376 546
437 377 545
438 377 545
439 377 544
440 377 544
441 377 544
442 377 544
443 376 543
444 376 543
445 376 544
446 375 544
447 375 544
448 375 544
449 375 544
450 374 544
451 374 544
452 374 544
453 374 544
454 374 544
455 373 545
456 373 545
457 373 546
458 373 546
459 373 546
460 373 546
461 373 546
462 374 546
463 374 546
464 374 547
465 374 547
466 374 548
467 374 548
468 375 549
469 375 549
470 375 550
471 375 550
472 376 550
473 376 550
474 376 550
475 376 550
476 376 550
477 376 549
478 376 549
479 376 549
480 376 549
481 376 549
482 377 549
483 376 550
484 376 550
485 377 550
486 377 550
487 377 550
488 377 550
489 378 551
490 378 551
491 379 552
492 381 554
493 383 556
494 385 559
495 389 563
496 394 567
497 399 572
498 406 577
499 412 580
500 418 581
501 425 582
502 431 582
503 439 584
504 446 586
505 452 588
506 458 589
507 464 589
508 469 589
509 473 588
510 478 588
511 483 588
512 487 587
513 492 587
514 495 587
515 498 586
516 501 584
517 504 581
518 506 578
519 508 575
520 509 572
521 509 571
522 509 570
523 508 568
524 506 563
525 505 557
526 503 549
527 503 543
528 503 538
529 502 533
530 502 528
531 501 522
532 502 518
533 502 515
534 501 512
535 501 509
536 500 507
537 501 505
538 500 504
539 500 502
540 500 501
541 500 500
542 500 498
543 500 497
544 500 497
545 500 496
546 500 495
547 500 495
548 500 494
549 500 494
550 500 493
551 500 493
552 500 492
553 500 492
554 500 492
555 500 491
556 500 491
557 499 491
558 500 490
559 500 490
560 500 490
561 500 489
562 500 489
563 500 489
564 500 488
565 501 488
566 501 488
567 501 487
568 501 487
569 501 487
570 501 486
571 501 486
572 501 486
573 501 486
574 502 486
575 502 486
576 502 486
577 502 486
578 502 486
579 502 486
580 502 486
581 503 486
582 503 487
583 503 487
584 503 487
585 503 487
586 503 487
587 504 487
588 504 487
589 504 487
590 504 487
591 504 487
592 505 487
593 505 487
594 504 487
595 504 487
596 504 488
597 504 488
598 504 490
599 504 491
600 504 491
601 504 492
602 504 494
603 504 496
604 504 498
605 517 499
606 518 503
607 520 507
608 521 511
609 523 516
610 524 520
611 525 524
612 526 528
613 527 533
614 528 539
615 528 545
616 528 551
617 508 580
618 508 589
619 507 595
620 507 602
621 507 608
622 509 613
623 511 616
624 513 619
625 514 621
626 515 624
627 515 629
628 514 633
629 515 637
630 516 639
631 519 642
632 518 646
633 516 652
634 516 656
635 516 659
636 515 661
637 515 662
638 514 663
639 514 664
640 514 664
641 514 664
642 513 665
643 513 665
644 513 665
645 513 665
646 513 665
647 512 665
648 513 665
649 512 666
650 513 666
651 513 667
652 513 668
653 513 669
654 512 670
655 513 671
656 513 672
657 512 673
658 513 674
659 515 674
660 514 675
661 516 675
662 515 676
663 514 677
664 515 678
665 516 678
666 517 679
667 518 679
668 519 680
669 520 680
670 520 681
671 520 681
672 520 681
673 520 681
674 520 682
675 520 682
676 521 682
677 521 682
678 520 682
679 520 682
680 520 682
681 520 682
682 519 681
683 519 680
684 519 678
685 519 677
686 519 675
687 519 673
688 520 671
689 520 668
690 521 666
691 521 664
692 521 662
693 522 661
694 522 659
695 523 658
696 523 656
697 504 666
698 504 663
699 503 660
700 502 657
701 502 654
702 501 650
703 498 642
704 498 637
705 498 629
706 497 620
707 496 613
708 495 606
709 494 597
710 497 593
711 499 586
712 500 581
713 503 578
714 504 576
715 504 573
716 504 569
717 504 565
718 504 562
719 505 561
720 505 561
721 692 804
823 502 571
824 502 571
825 502 571
826 503 570
827 504 568
828 505 564
829 506 559
830 507 554
831 508 549
832 508 547
833 509 547
834 509 548
835 507 550
836 505 553
837 498 560
838 498 570
839 500 577
840 503 582
841 505 583
842 507 584
843 509 583
844 512 583
845 515 585
846 519 588
847 523 592
848 527 595
849 531 597
850 534 599
851 537 599
852 539 598
853 542 597
854 546 597
855 551 596
856 557 594
857 563 594
858 569 594
859 576 595
860 582 597
861 588 598
862 593 597
863 596 594
864 599 589
865 600 584
866 602 581
867 604 578
868 606 574
869 607 569
870 609 565
871 610 563
872 610 561
873 611 558
874 611 555
875 612 553
876 613 549
877 613 546
878 613 544
879 613 541
880 613 539
881 613 537
882 613 535
883 612 533
884 612 532
885 612 530
886 612 529
887 612 528
888 612 527
889 612 526
890 612 526
891 612 525
892 612 524
893 611 522
894 611 521
895 610 520
896 610 519
897 609 517
898 608 516
899 607 515
900 605 514
901 603 513
902 602 511
903 600 510
904 598 509
905 596 508
906 594 506
907 591 505
908 589 504
909 587 503
910 585 502
911 583 501
912 581 500
913 579 499
914 577 499
915 576 498
916 573 497
917 571 497
918 569 496
919 566 496
920 564 495
921 561 495
922 559 495
923 556 494
924 553 495
925 549 495
926 545 495
927 540 496
928 537 495
929 533 496
930 530 496
931 528 495
932 524 495
933 519 495
934 515 496
935 512 496
936 509 496
937 506 496
938 503 496
939 501 496
940 499 496
941 498 496
942 496 496
943 495 495
944 493 495
945 492 495
946 490 495
947 488 495
948 486 495
949 484 495
950 483 495
951 482 495
952 480 495
953 477 495
954 474 496
955 471 496
956 467 497
957 465 497
958 462 497
959 461 498
960 458 498
961 456 498
962 453 499
963 450 499
964 447 500
965 444 501
966 440 503
967 436 504
968 433 506
969 430 508
970 426 510
971 423 511
972 420 513
973 417 515
974 414 517
975 411 519
976 409 521
977 406 522
978 404 524
979 403 525
980 402 527
981 402 529
982 401 532
983 400 536
984 399 540
985 399 545
986 398 549
987 396 553
988 396 557
989 396 561
990 396 565
991 396 568
992 396 570
993 397 571
994 397 572
995 397 573
996 396 574
997 396 575
998 395 576
999 395 577
1000 395 578
1001 395 580
1002 403 581
1003 395 581
1004 395 582
1005 396 584
1006 397 585
1007 398 586
1008 399 588
1009 400 590
1010 402 593
1011 404 596
1012 405 598
1013 407 601
1014 409 604
1015 412 606
1016 414 608
1017 417 610
1018 420 612
1019 423 614
1020 425 615
1021 428 616
1022 430 618
1023 431 620
1024 433 621
1025 435 622
1026 436 624
1027 438 625
1028 440 627
1029 442 629
1030 445 631
1031 446 632
1032 449 633
1033 451 635
1034 454 636
1035 457 637
1036 461 639
1037 465 640
1038 469 640
1039 474 641
1040 479 641
1041 485 640
1042 492 640
1043 500 640
1044 509 640
1045 518 639
1046 527 637
1047 537 636
1048 547 635
1049 556 634
1050 564 631
1051 572 628
1052 579 626
1053 584 625
1054 588 624
1055 591 624
1056 594 624
1057 598 623
1058 602 623
1059 605 623
1060 608 623
1061 611 622
1062 615 620
1063 618 618
1064 620 616
1065 622 614
1066 623 613
1067 624 611
1068 625 608
1069 625 605
1070 626 602
1071 626 600
1072 625 597
1073 624 595
1074 622 594
1075 620 592
1076 617 590
1077 613 589
1078 609 587
1079 604 585
1080 599 583
1081 593 582
1082 587 581
1083 580 579
1084 574 576
1085 568 573
1086 563 569
1087 558 565
1088 553 562
1089 550 560
1090 548 558
1091 546 557
1092 546 555
1093 546 555
1094 547 554
1095 548 553
1096 549 552
1097 550 551
1098 551 550
1099 551 548
1100 551 547
1101 551 545
1102 551 545
1103 551 545
1104 550 543
1105 548 541
1106 548 541
1107 548 541
1108 548 541
1109 548 540
1110 549 541
1111 553 543
1112 551 544
1113 548 546
1114 546 547
1115 545 548
1177 509 568
1178 509 568
1179 510 569
1180 510 569
1181 511 569
1182 513 569
1183 514 569
1184 515 569
1185 515 569
1186 516 569
1187 517 569
1188 518 569
1189 520 569
1190 521 567
1191 521 566
1192 521 566
1193 519 566
1194 516 565
1195 512 565
1196 510 565
1197 508 565
1198 506 564
1199 505 562
1200 503 561
1201 502 561
1202 501 561
1203 499 560
1204 497 557
1205 496 554
1206 494 553
1207 492 553
1208 489 554
1209 484 555
1210 478 557
1211 471 558
1212 465 560
1213 459 563
1214 454 566
1215 449 568
1216 445 569
1217 440 569
1218 437 570
1219 433 570
1220 430 570
1221 427 572
1222 424 573
1223 422 573
1224 420 573
1225 418 573
1226 417 573
1227 415 574
1228 413 574
1229 412 573
1230 410 572
1231 409 572
1232 407 572
1233 406 572
1234 405 572
1235 404 572
1236 403 572
1237 402 572
1238 402 571
1239 401 570
1240 401 570
1241 401 568
1242 401 567
1243 400 566
1244 400 565
1245 399 563
1246 399 561
1247 399 559
1248 399 556
1249 400 553
1250 400 552
1251 400 551
1252 399 550
1253 399 550
1254 398 550
1255 396 550
1256 395 550
1257 395 550
1258 394 550
1259 393 550
1260 392 551
1261 391 551
1262 389 552
1263 388 552
1264 388 551
1265 387 549
1266 387 547
1267 388 545
1268 388 543
1269 390 540
1270 391 536
1271 393 532
1272 394 529
1273 395 525
1274 396 521
1275 396 518
1276 398 515
1277 400 511
1278 402 508
1279 405 505
1280 407 503
1281 410 501
1282 412 499
1283 414 497
1284 416 496
1285 418 495
1286 420 493
1287 422 492
1288 424 491
1289 426 490
1290 428 489
1291 431 488
1292 434 487
1293 437 486
1294 440 485
1295 443 484
1296 445 484
1297 448 483
1298 452 483
1299 455 482
1300 458 482
1301 461 481
1302 464 481
1303 467 481
1304 470 482
1305 473 481
1306 475 482
1307 478 482
1308 481 482
1309 484 482
1310 487 482
1311 490 483
1312 495 483
1313 501 484
1314 506 485
1315 512 486
1316 518 487
1317 525 488
1318 532 488
1319 537 489
1320 542 490
1321 545 490
1322 548 491
1323 551 492
1324 554 493
1325 557 494
1326 560 495
1327 562 496
1328 565 496
1329 566 496
1330 568 497
1331 571 497
1332 573 498
1333 577 499
1334 581 501
1335 584 502
1336 588 504
1337 592 506
1338 594 508
1339 596 509
1340 597 510
1341 599 511
1342 601 512
1343 602 513
1344 603 513
1345 603 514
1346 604 514
1347 605 515
1348 605 516
1349 606 517
1350 608 519
1351 611 521
1352 613 524
1353 614 527
1354 616 530
1355 618 532
1356 620 536
1357 620 538
1358 620 540
1359 621 543
1360 622 547
1361 624 552
1362 625 556
1363 625 560
1364 625 562
1365 625 565
1366 625 568
1367 625 571
1368 624 574
1369 623 577
1370 622 580
1371 621 582
1372 620 585
1373 619 587
1374 617 589
1375 616 591
1376 614 594
1377 611 597
1378 609 599
1379 607 600
1380 604 601
1381 602 602
1382 599 604
1383 596 605
1384 593 606
1385 590 606
1386 586 607
1387 581 609
1388 575 610
1389 568 611
1390 561 613
1391 554 614
1392 547 616
1393 524 627
1394 519 627
1395 515 627
1396 511 628
1397 506 628
1398 501 629
1399 497 628
1400 494 629
1401 491 629
1402 489 629
1403 485 628
1404 483 628
1405 480 628
1406 478 628
1407 476 628
1408 474 627
1409 472 627
1410 470 626
1411 468 625
1412 465 624
1413 463 624
1414 461 623
1415 459 623
1416 457 622
1417 454 621
1418 452 621
1419 448 620
1420 445 619
1421 441 618
1422 438 616
1423 434 614
1424 431 612
1425 427 610
1426 425 608
1427 422 606
1428 420 604
1429 419 602
1430 419 601
1431 419 599
1432 419 597
1433 419 596
1434 421 594
1435 422 593
1436 424 591
1437 426 590
1438 429 587
1439 432 583
1440 437 579
1441 442 574
1442 449 568
1443 455 564
1444 462 559
1445 470 556
1446 478 553
1447 486 556
1448 493 560
1449 498 564
1450 502 567
1451 505 567
1452 507 564
1453 509 560
1454 511 555
1455 513 552
1456 514 549
1457 514 548
1458 514 548
1459 513 549
1460 512 550
1461 512 551
1462 513 551
1522 507 570
1523 506 570
1524 505 570
1525 505 569
1526 505 570
1527 505 571
1528 504 572
1529 504 573
1530 503 574
1531 503 576
1532 502 577
1533 501 578
1534 500 580
1535 499 580
1536 498 580
1537 497 580
1538 496 578
1539 498 577
1540 497 575
1541 497 572
1542 496 569
1543 496 566
1544 494 561
1545 493 557
1546 492 553
1547 491 549
1548 490 545
1549 490 542
1550 490 538
1551 490 535
1552 490 531
1553 490 529
1554 491 528
1555 491 526
1556 491 524
1557 492 522
1558 492 520
1559 492 519
1560 493 517
1561 494 516
1562 494 515
1563 494 513
1564 495 512
1565 495 511
1566 496 510
1567 497 509
1568 497 508
1569 498 507
1570 498 506
1571 499 505
1572 500 504
1573 500 503
1574 500 502
1575 501 501
1576 501 500
1577 502 500
1578 502 499
1579 502 499
1580 503 498
1581 503 498
1582 503 498
1583 503 498
1584 504 497
1585 504 497
1586 504 497
1587 504 497
1588 505 497
1589 505 497
1590 505 497
1591 505 497
1592 505 497
1593 506 497
1594 506 497
1595 506 497
1596 506 497
1597 506 497
1598 506 497
1599 507 497
1600 507 498
1601 507 498
1602 507 499
1603 507 500
1604 507 502
1605 507 505
1606 504 510
1607 493 517
1608 492 521
1609 492 525
1610 492 530
1611 492 535
1612 491 541
1613 490 548
1614 489 555
1615 488 563
1616 488 570
1617 507 591
1618 506 599
1619 506 607
1620 506 616
1621 506 624
1622 507 630
1623 556 498
1624 506 650
1625 507 652
1626 509 652
1627 510 653
1628 511 656
1629 510 660
1630 510 664
1631 509 668
1632 508 670
1633 507 673
1634 506 675
1635 505 678
1636 504 680
1637 504 681
1638 504 682
1639 504 683
1640 504 684
1641 503 685
1642 503 686
1643 503 686
1644 502 687
1645 502 688
1646 502 689
1647 502 689
1648 502 689
1649 502 690
1650 502 690
1651 502 691
1652 502 691
1653 502 692
1654 502 693
1655 502 693
1656 501 694
1657 501 695
1658 501 696
1659 501 696
1660 501 697
1661 500 698
1662 500 698
1663 501 699
1664 501 699
1665 500 700
1666 501 701
1667 501 701
1668 501 702
1669 501 702
1670 500 703
1671 500 703
1672 500 704
1673 500 704
1674 500 705
1675 500 705
1676 500 705
1677 500 706
1678 500 706
1679 499 706
1680 500 706
1681 499 707
1682 499 707
1683 499 707
1684 499 707
1685 499 707
1686 499 708
1687 500 708
1688 500 708
1689 500 708
1690 500 708
1691 500 709
1692 501 709
1693 501 709
1694 501 709
1695 501 709
1696 502 708
1697 502 708
1698 503 708
1699 504 708
1700 505 707
1701 505 707
1702 505 706
1703 506 706
1704 506 705
1705 506 705
1706 507 704
1707 507 704
1708 507 704
1709 507 704
1710 507 704
1711 506 704
1712 507 704
1713 507 704
1714 507 704
1715 507 703
1716 508 702
1717 508 700
1718 509 697
1719 510 694
1720 510 689
1721 510 685
1722 511 678
1723 511 671
1724 512 661
1725 513 649
1726 515 635
1727 517 620
1728 519 604
1729 520 592
1730 520 583
1731 520 578
1732 519 574
1733 516 571
1734 513 570
1735 511 570
1736 510 571
1737 510 571
1738 510 571
1739 509 568
1740 509 564
1741 509 559
1742 509 556
