123 -58.26820898838251 -96.7826505046816 -290.1488575496352
124 -61.82404186151662 -96.91627860004337 -288.17084543789446
125 -62.03015120432637 -97.23746518885612 -287.8989256327887
126 -61.857109652322066 -97.97394671677297 -284.1511072098263
127 -62.20005319493241 -97.95803859605229 -284.13129484101086
128 -61.64335139013504 -96.09884047498224 -284.9193775813146
129 -64.64110449912305 -95.17490641227698 -281.24163507715565
130 -63.78571381129205 -93.94127448778728 -278.5550070831477
131 -64.24328447154204 -93.21207863435914 -277.0122389361092
132 -63.80367465575358 -92.45928823138453 -275.69663104007446
133 -63.715785565391585 -92.58587499783013 -275.78366441566607
134 -62.44028454402199 -91.56133357383578 -273.1560162613311
135 -61.278785470499585 -91.23049505022551 -273.7413607335216
136 -60.56241439498374 -93.02470546628179 -273.1869242550003
137 -58.61562941728771 -90.63627398357809 -272.5011330869222
138 -57.32810621719668 -91.14385150565336 -274.1010622565878
139 -55.09712280952451 -92.36775070159425 -271.9990490845069
140 -53.63025015630018 -92.56160037428481 -273.77390455370505
141 -51.85554735980299 -91.7554445502346 -272.76546709374594
142 -51.5217926961714 -91.77076356925568 -272.7737073265247
143 -50.01410105621029 -90.25021635727467 -273.4623957398474
144 -49.6803272572674 -90.26497274505999 -273.4699608590401
145 -48.558131525539004 -89.89264118939533 -273.67567719957253
146 -47.06618574612738 -89.89333834083271 -273.5809575155147
147 -46.657036417921304 -90.96886746814855 -271.53455798289605
148 -45.53160012744705 -91.14757325832184 -273.24287176612745
149 -45.214689949886555 -90.65436130568666 -272.093738138078
150 -45.316847273979775 -90.98145161649678 -273.5432163741888
151 -45.199505070269076 -89.28874666086277 -274.11978562403954
152 -45.244418134546976 -88.59743605438436 -272.61263074254543
153 -45.244418134546976 -88.59743605438436 -272.61263074254543
154 -40.43713013944293 -90.81762201074139 -274.25526421670486
155 -41.13154915747378 -91.80153455656951 -271.7906930044611
156 -39.79993995821408 -92.15152054952021 -273.44193669412095
157 -39.863770715588345 -91.46585708411591 -272.02106051087384
158 -41.10218466029242 -89.78250449314389 -272.39730705781074
159 -41.434459902996906 -89.76703105120338 -272.3995407702055
160 -41.08548196891168 -89.95612928923777 -272.73383417280536
161 -36.568496303762586 -89.94949435360624 -273.4086531933119
162 -36.568496303762586 -89.94949435360624 -273.4086531933119
163 -36.49016840546904 -89.2733936661809 -271.9509498412561
164 -36.65003154569398 -89.27708347122709 -271.9922056567025
165 -37.93690211564909 -89.2940442195892 -271.8580723707415
166 -38.268083962870826 -89.2779604060305 -271.8653105524616
167 -38.268083962870826 -89.2779604060305 -271.8653105524616
168 -38.537497945092106 -88.94139148121947 -270.43916518495354
169 -38.537497945092106 -88.94139148121947 -270.43916518495354
170 -38.99182445966355 -88.7521724833711 -270.09318876886465
171 -38.99182445966355 -88.7521724833711 -270.09318876886465
172 -36.490037838098964 -88.76334128888814 -270.4457849164217
173 -37.24118558412392 -88.616836143948 -270.39143227065915
174 -37.24118558412392 -88.616836143948 -270.39143227065915
175 -35.08087512773607 -88.61486743152129 -270.65580041642505
176 -35.08087512773607 -88.61486743152129 -270.65580041642505
177 -36.71780084766063 -86.91556658229452 -270.9895057290593
178 -36.71780084766063 -86.91556658229452 -270.9895057290593
179 -36.71780084766063 -86.91556658229452 -270.9895057290593
180 -36.94382340366489 -88.57158047465842 -270.42199221444537
181 -36.59691522594333 -86.85854696864172 -270.9606679651182
182 -36.68391417585951 -86.93959815656741 -271.24310373634404
183 -37.16489825103313 -86.7520679959171 -270.8956965832621
184 -36.905337774342435 -88.41378393971172 -270.39346930747485
185 -33.53891861259268 -89.06619772332884 -272.30350210219285
186 -35.89192130102646 -89.0854826837994 -271.99704163102143
187 -35.658417437835425 -88.40988703267361 -270.50546456806626
188 -33.499422632995895 -88.40780069976104 -270.7571493392285
189 -33.499422632995895 -88.40780069976104 -270.7571493392285
190 -33.499422632995895 -88.40780069976104 -270.7571493392285
191 -33.499422632995895 -88.40780069976104 -270.7571493392285
192 -33.56196310104142 -89.08010397643443 -272.20755601017055
193 -33.39026543283443 -89.09937718356873 -272.23806527161605
194 -33.39026543283443 -89.09937718356873 -272.23806527161605
195 -33.23084453053769 -89.09600044496739 -272.19494647340497
196 -33.16932355499218 -88.42365980946845 -270.7446070190692
197 -33.918362452381125 -88.27886520646986 -270.6990515600551
198 -33.918362452381125 -88.27886520646986 -270.6990515600551
199 -33.98419080620696 -88.95060204468182 -272.1494816829496
200 -33.918362452381125 -88.27886520646986 -270.6990515600551
201 -34.8345575073169 -88.31063738231651 -270.57230973901414
202 -33.57913951127318 -88.47184698947143 -270.68548746723775
203 -34.99893934802781 -88.45897454372822 -270.5097845043821
204 -32.83985783079371 -88.45688538928131 -270.7563716605954
205 -33.588963368028324 -88.31252491462614 -270.7115976699086
206 -33.588963368028324 -88.31252491462614 -270.7115976699086
207 -34.50517158027453 -88.34432560294213 -270.58596212277314
208 -35.6206919716604 -87.09261707804572 -272.38903334992347
209 -34.75596489603921 -88.76388143898645 -271.9680861798987
210 -35.590665600737466 -88.55852745512101 -271.63154806272576
211 -35.590665600737466 -88.55852745512101 -271.63154806272576
212 -34.03882862111614 -88.43042399428111 -271.8631757606619
213 -34.41353138048609 -88.47515651490895 -272.0923322842087
214 -34.41353138048609 -88.47515651490895 -272.0923322842087
215 -34.41353138048609 -88.47515651490895 -272.0923322842087
216 -34.41353138048609 -88.47515651490895 -272.0923322842087
217 -34.43925128652186 -88.82808628982727 -272.10847224348703
218 -34.59884494960828 -88.8309194114723 -272.15085745071417
219 -35.30175066965607 -88.36539328581785 -270.66697312833
220 -38.050782591733565 -89.2050425191588 -271.81373614239783
221 -38.65474053042174 -87.02971620204988 -271.0148433382246
222 -38.79962470012359 -88.87336887121428 -270.50822092361057
223 -39.40991763945081 -86.68680252037453 -269.6387591799644
224 -42.814203685661994 -87.03110813814882 -270.34007541333034
225 -42.892554617161714 -85.6539816827299 -270.9649036817612
226 -42.64821618032173 -87.0231945396406 -269.022638796897
227 -47.43781539179845 -89.08692368639859 -267.7891707696875
228 -49.28280003273445 -89.89948768069769 -268.9907660777764
229 -51.869905872687895 -89.57888134326954 -267.16764104322505
230 -50.53195233208903 -88.06928308137168 -268.1145240377788
231 -52.36443916974798 -88.64414466392535 -267.9040292601192
232 -55.60417593518541 -91.35905319421083 -266.65945790791255
233 -58.91351803267122 -91.77021833495743 -264.87743612819247
234 -60.45463509314883 -91.09211140342425 -265.1945727399787
235 -61.122322286248135 -91.37266754614278 -265.0274078093604
236 -62.88145614592701 -94.21764998113123 -265.70277728728945
237 -63.31688939229093 -94.93040429602658 -265.97325058568373
238 -65.81089087355879 -93.89536678101176 -266.00955184128816
239 -65.63345424148362 -95.1151088438381 -267.26911739347634
240 -66.15890988328309 -97.15371566265134 -264.98343488994095
241 -68.49760483792818 -96.36624190995465 -265.30016405125605
242 -68.29734283559921 -97.91362443920923 -266.5120684125015
243 -68.08353573446122 -99.31262659460445 -266.4172679775234
244 -70.39627990488242 -101.42037938090846 -267.2498666278649
245 -70.4337723905767 -104.64341805660192 -272.0043277620041
246 -69.67297339535929 -106.45028117571174 -273.31545676946234
247 -70.75268342843063 -108.00815900831628 -274.49833512664674
248 -70.93339760571372 -110.61896323997772 -277.60764862050087
249 -71.93736014619557 -113.6253830509833 -281.7255841631452
250 -71.85939869727046 -116.72094916813666 -284.80809579380315
251 -71.41876629426079 -118.62799514490978 -286.4607233340599
252 -71.33080011385982 -120.25861194941102 -286.34844522897373
253 -71.8280752605108 -123.00428234140998 -289.60511590622497
254 -71.77578682236904 -122.25657810272567 -289.9256510407624
255 -72.14381593070877 -123.97343738080119 -291.7545881510893
256 -72.02771748948304 -127.0833823832966 -290.53435208307684
257 -73.85807452894119 -127.14049015395038 -292.71576081459233
258 -71.29627636368319 -128.87038716272008 -294.5535044818246
259 -68.21962073720182 -129.635436648984 -295.5395262824664
260 -67.59776684563545 -132.42146258509518 -294.27304361613744
261 -67.61367160946527 -132.15009358848124 -296.9207938242492
262 -64.29988564126364 -133.57318705606448 -298.78289592216686
263 -63.61994831767446 -131.52270025011052 -298.0111918215914
264 -63.382916285375856 -134.49295426870088 -298.7693272165859
265 -61.63914967299998 -135.00912378892664 -299.03276067489855
266 -61.38665232770681 -135.8965688581976 -300.72894843561727
267 -57.913687221115104 -133.68462614290112 -300.46746040304015
268 -58.820461526558404 -135.79315591760857 -299.3941808861673
269 -58.60595613636423 -134.035451256927 -300.27068362175856
270 -55.89571652038089 -132.54764948851982 -303.34776282410115
271 -55.48538680945617 -134.68267983416143 -302.44845634523404
272 -52.334732115349155 -134.85232123562463 -303.01036451595826
273 -52.69573545862783 -132.44339415092188 -303.6132802454585
274 -51.2981891700705 -134.39607769153156 -303.4579013582898
275 -48.31856916090497 -132.58471168670718 -304.7663784623495
276 -49.46896848981649 -135.2330666109588 -305.479523891336
277 -46.987583290117435 -135.16377081342083 -305.91764891848766
278 -48.499983989165436 -133.78507925454548 -307.9532870248707
279 -49.688771034956154 -133.74600469095193 -307.89610296807285
280 -45.933979226280904 -134.35253582550166 -310.2038109746835
281 -47.65262084769405 -134.5174896439117 -309.9633931361105
282 -47.811031905579306 -134.61129283698676 -309.98868772685586
283 -43.601534165947406 -135.07255983694924 -312.40779135357496
284 -42.91863511361871 -135.02642254412672 -312.87232614014255
285 -45.51756366167476 -133.41614330949616 -315.27102060015795
286 -47.1008061504976 -133.52199899372147 -315.03058056923174
287 -40.85107935004546 -131.58202508950498 -316.7353407029681
288 -41.387060551891494 -136.14350767906274 -316.4541065506195
289 -40.77001492035769 -134.07033285008472 -317.40082649495486
290 -39.54359160611723 -131.71153215012185 -318.8523526623554
291 -39.606029426209595 -131.82155633692065 -318.52312068225535
292 -39.91407715316314 -132.2980036373279 -320.2483495883547
293 -40.824778490810225 -131.75671202269027 -318.32285666270104
294 -40.64238091657445 -132.35906065108597 -320.1896147848122
295 -42.62056781267425 -129.57104970525558 -318.9569676534803
296 -42.415107073788846 -131.6568453350141 -318.12914155331805
297 -40.17340453252298 -131.99871859091303 -318.62605502809356
298 -40.59547678310457 -131.81743888812727 -318.2811083804937
299 -38.62049631831544 -131.97651686584942 -318.48604559205114
300 -37.35643864651088 -132.2893122634914 -318.9057691745792
301 -37.68755035514919 -130.01780987716953 -319.723383844302
302 -40.59974377588895 -131.91719655122623 -318.19278842939076
303 -43.288229271141915 -131.93198676598027 -317.8493702701728
304 -43.10459210987017 -131.9273616590403 -317.7993068004705
305 -41.382469088983896 -131.7781141615218 -318.116564488128
306 -41.19912649267105 -131.77371865562847 -318.06526831919524
307 -38.322373379925814 -131.78136292368168 -318.4485391019596
308 -36.7554870920839 -130.07311366788912 -319.6997928997906
309 -38.54948459136199 -130.04870752681694 -319.4983712308246
310 -39.277450927447 -130.0284229916579 -319.1070394670875
311 -39.42924688375667 -132.1881182325415 -318.19969745872515
312 -39.975584609212156 -133.6171664934564 -315.7639896869612
313 -39.17682096195926 -131.75721543009104 -316.6716842943712
314 -44.41195878047707 -131.69986685911243 -315.68238177848224
315 -44.345153072773385 -130.1167242643183 -318.3390975473655
316 -42.42800065447424 -132.480173015807 -317.9921426185925
317 -42.900740145693774 -131.61481278581977 -315.8943691000513
318 -42.54942161603603 -133.8514864905416 -315.00081136915713
319 -44.1000585519644 -134.4976779558955 -316.882853647858
320 -45.81890335606666 -129.4170441116007 -316.6707973708037
321 -43.52687537869433 -131.554343732277 -315.81004094797385
322 -41.392761846680415 -131.53167313926696 -316.1319990363068
323 -41.280021112918355 -130.69419766094757 -314.4267234009207
324 -40.52854227655523 -133.10123920459193 -313.8814536455735
325 -40.608800887229826 -133.58279549571364 -315.6514271431476
326 -42.97908944707123 -131.68167534679603 -315.8739258773438
327 -44.79827668087362 -132.82592088077146 -313.0648841811311
328 -44.927644555185566 -130.7936129450398 -313.9008922036573
329 -42.76478486765356 -130.9410817443806 -314.2559130437532
330 -42.072000308320824 -130.31372618194644 -312.5539070356575
331 -39.85095272773795 -132.41500924511726 -312.01347184616105
332 -40.42223490162372 -133.02492515157508 -313.6825431800064
333 -42.697568859322466 -130.00465328727148 -312.6406171754167
334 -44.55639343144498 -132.05949981636334 -311.53415370241396
335 -46.60705318898234 -131.37376505711373 -309.23344090551666
336 -47.06274628622506 -129.69445615184867 -312.13450470890893
337 -47.43708222504869 -130.8304170838164 -309.64171946573043
338 -51.13255715195001 -130.01815455267518 -309.2609594935974
339 -53.72790456788078 -130.04039421355066 -310.7463429348345
340 -55.78659471208937 -128.43411553343788 -308.5837893560661
341 -54.96409646730718 -127.29988724891018 -309.43487194989524
342 -56.018469114206866 -125.37608015873141 -307.548711473524
343 -59.61016980099585 -124.03767775374017 -307.2535184154726
344 -62.378646113565736 -124.50211673790946 -304.72921161221154
345 -64.65780750238123 -121.37411303810266 -305.0048409924953
346 -65.89549135279499 -120.01972993259142 -303.4726348396308
347 -68.62140926434688 -119.24706371992687 -302.77885939985134
348 -71.72087126398306 -123.2220836713867 -300.7810740058983
349 -71.06675570273516 -118.14942656404622 -300.5976730105937
350 -70.88677665171193 -117.94376565339263 -301.012889735004
351 -71.91803613256846 -118.95855183711922 -298.01428213965795
352 -73.72698669571038 -118.60957941858351 -297.919628470245
353 -75.10059543074414 -117.43562756876392 -295.7682349214086
354 -76.25441464125157 -114.53239808625767 -294.5817529105618
355 -76.33217029010322 -115.5350713772279 -292.2849384703576
356 -76.62640751274205 -112.14488053638613 -291.4833027568934
357 -78.50256814946218 -110.08625985674283 -288.17037262279695
358 -79.51680832415826 -111.59734001030168 -283.012311845694
359 -78.77382413133886 -106.83900231845871 -281.0170860867038
360 -82.75463457041161 -103.74571789040209 -276.95985923918784
361 -84.81747950210811 -99.73165472532425 -271.7470055990208
362 -84.28407708291493 -95.68415132553321 -268.9111194455204
363 -83.50755760948564 -91.84114400715362 -267.4957067240627
364 -82.56132861056312 -90.59172710745005 -268.6683948209757
365 -85.32932732348638 -86.20693187275724 -270.12959379756757
366 -83.52640087852328 -83.35277164795704 -270.2368717696936
367 -83.50697048098317 -82.67001024507088 -269.35655035858036
368 -82.27088148451719 -79.34670237068735 -273.3318639152519
369 -85.99101701365512 -77.16193095173514 -273.1132249846131
370 -86.64181338286443 -76.9583826661184 -275.0722209166537
371 -84.76054597631651 -72.93274235458412 -277.2528858654821
372 -88.69285733485931 -73.08927887827146 -278.5718257694239
373 -91.22618814311903 -70.46398539263942 -282.7118404757525
374 -90.03255211866006 -73.48997662215477 -283.3982906040265
375 -90.11568664608693 -71.0173159068545 -285.206826026522
376 -91.9411063761623 -70.67901445695037 -285.9950841285324
377 -95.3714806996964 -72.25210795730702 -285.7633263803272
378 -97.43999724679003 -69.69072277354176 -285.2247114040963
379 -99.77634377137511 -71.90102532475662 -286.97772596924693
380 -101.71822302661083 -69.83021687165004 -286.58618961572864
381 -102.16139824326561 -69.93511173090391 -287.97456720393285
382 -100.93535032593007 -73.71137589389103 -287.3149564750718
383 -101.17644295663919 -69.7532936008227 -288.0672642563643
384 -100.97042307339467 -73.53460990471484 -287.0834347509469
385 -100.31416167814177 -71.5241481339191 -287.66976209080354
386 -102.92044176879523 -73.61182251758324 -287.7931813104263
387 -103.9081020694912 -72.0396850481357 -289.42756559969814
388 -105.60017647630633 -73.55480020496074 -288.41449951544257
389 -104.47235421843357 -73.00542644641968 -288.2469463576723
390 -106.11357472551586 -70.83707825498952 -289.84625482243433
391 -104.84692804176842 -70.05395132008638 -289.810099159157
392 -105.87728286614045 -74.03426605148526 -291.868194497951
393 -105.75826895544607 -71.2605787536565 -293.48265576345176
394 -109.5890371532523 -70.62587573288522 -293.7708762749972
395 -109.34074427400549 -69.85546093229446 -293.5903178317384
396 -109.17085743166245 -71.81757019222184 -294.53427032862464
397 -108.35162417878004 -68.96560876905342 -294.79793936517717
398 -108.32650813590914 -68.23445084660474 -296.11545890006346
399 -108.14557041581811 -67.7275147409452 -297.5518736009612
400 -106.65707011373081 -66.87543288459351 -299.09271655154504
401 -107.11294668470981 -68.2080788354545 -298.2298909987393
402 -104.45817620878748 -69.21487922519714 -299.7321894487572
403 -105.08798494083284 -64.4149209108471 -300.2325396000728
404 -101.58130583767675 -64.12506624581206 -304.20160014362244
405 -100.42773497121374 -65.35454795826602 -304.18268538557356
406 -100.70796600709298 -64.42330578155185 -303.547771463238
407 -99.49570832284411 -64.22722694443503 -305.27975245826616
408 -97.25149269144302 -63.46738395047623 -305.3553759996295
409 -98.14352911581685 -60.948764888052736 -305.4360257444557
410 -97.57354941146778 -62.8048213232738 -306.7333107455293
411 -94.26957181254377 -63.98897559925837 -306.7247343088703
412 -92.15993491905405 -63.79858638368573 -307.473183556595
413 -93.96976475222728 -61.46898587825538 -307.185402376344
414 -91.2849967816708 -61.07511447860141 -307.5593400657734
415 -92.64587919374975 -63.117142647500444 -306.78699123496915
416 -90.23693449130349 -63.37652393649344 -309.13208042304393
417 -91.38292905016287 -60.89551505579756 -309.0776536193443
418 -90.07646113102635 -60.86781515632845 -309.1027172751719
419 -88.86587656726425 -60.641179136336675 -309.2302236216096
420 -87.57308986885067 -60.59938376028461 -309.55650417407395
421 -87.95680085966484 -60.40009754615525 -309.5479868835734
422 -87.30802612865405 -62.37769370134431 -309.2898328062761
423 -86.96047946346144 -62.379792846624994 -309.33820738005187
424 -84.87129125305226 -62.22610733670662 -309.8521357962214
425 -82.67356996931002 -62.255443164969165 -310.3451443548109
426 -81.64621193665425 -62.06937529893513 -310.2809839947673
427 -80.85779255095623 -60.104544889604426 -310.7364648493074
428 -80.24872838625394 -61.776488258514604 -308.7403328654976
429 -79.73084804586611 -61.77201467978013 -308.76462254728335
430 -79.07036718059479 -62.16712333724165 -308.98111642292645
431 -78.89622126641831 -60.046424054899234 -309.64585986039305
432 -74.79807495905608 -59.63517517807469 -308.68682664774377
433 -77.44620866401961 -60.37912725231514 -309.71534216897203
434 -77.09903924829175 -60.38123177452373 -309.7606235875613
435 -76.78264580478546 -60.771051124366 -309.9337691444526
436 -76.43531780686487 -60.7731829397306 -309.97914829390487
437 -73.75850847796626 -63.3361234363351 -311.99878164645867
438 -73.8183112016515 -61.346677419767076 -312.3150233437488
439 -73.64126827011148 -61.35805104347851 -312.38245185904367
440 -73.64126827011148 -61.35805104347851 -312.38245185904367
441 -73.80889834334168 -63.275979993583945 -311.89293252399153
442 -73.46947036264908 -61.34873631144744 -312.3577659589107
443 -72.99883318820048 -60.72125391001724 -310.67713217557105
444 -70.41620019922568 -62.95823233224888 -312.5659885398961
445 -70.82183101314276 -61.02070538991113 -312.83011221462266
446 -71.0940788623647 -60.57062129175627 -311.24355690713276
447 -70.67257311692877 -60.78896678024927 -312.71329603348454
448 -70.67257311692877 -60.78896678024927 -312.71329603348454
449 -71.05931658031582 -62.94868551489033 -312.1979389880554
450 -70.86559170651101 -64.68439452241063 -311.7571927739173
451 -70.86559170651101 -64.68439452241063 -311.7571927739173
452 -70.86559170651101 -64.68439452241063 -311.7571927739173
453 -70.80670657819066 -60.854898125643345 -312.54062440998905
454 -71.05930263331625 -61.10538566500988 -314.168621065656
455 -71.50548768427274 -60.642317267719434 -312.50728227358996
456 -71.12657115722229 -60.46399871692121 -312.3699039043888
457 -71.30392458124888 -60.452788049678574 -312.30442114397
458 -71.77053522533676 -62.378387765160724 -311.88496869132723
459 -71.77053522533676 -62.378387765160724 -311.88496869132723
460 -71.53414756428323 -64.28930392535005 -311.5510516999542
461 -71.53414756428323 -64.28930392535005 -311.5510516999542
462 -71.77402669540024 -62.72102452437862 -312.02857335303787
463 -71.89937459277101 -62.56394995754411 -312.0151668331131
464 -72.07673567365649 -62.55248793506165 -311.949775593112
465 -69.47405057965804 -60.397981484445054 -313.00712646376684
466 -69.82300315776168 -60.39585376547778 -312.96983862517106
467 -69.34492955443645 -63.776623570815886 -310.4196932264983
468 -70.55318436460666 -62.49712858696351 -312.6299922201513
469 -70.72440144222566 -62.506219431059634 -312.6561226594864
470 -71.81056742555874 -62.30121415699634 -310.76134871006127
471 -71.81056742555874 -62.30121415699634 -310.76134871006127
472 -73.94556156526025 -62.76503874801455 -311.8077890757935
473 -73.94556156526025 -62.76503874801455 -311.8077890757935
474 -75.4680469179982 -62.60366920379161 -311.7862968850054
475 -74.8735715909641 -60.426882692739696 -312.2918150578241
476 -74.60622408693537 -60.17864693854388 -310.67214933233606
477 -71.02845219922054 -61.85969216167673 -310.8796461398798
478 -69.5420003820011 -61.89200085738052 -311.2091054788581
479 -70.10808545439856 -61.92468299288892 -311.38555172312476
480 -75.73185900970282 -62.03289977732449 -310.0359767234156
481 -75.73185900970282 -62.03289977732449 -310.0359767234156
482 -76.0358029685338 -62.68107661882486 -311.7800448744193
483 -75.90826721649056 -62.02168404052203 -309.9696159039344
484 -76.0794696058715 -62.03065172610853 -309.9925518098006
485 -76.38460693096317 -62.67882976284042 -311.7365001505822
486 -75.53920661854261 -62.82670416160147 -311.9126847536063
487 -74.29673718245778 -62.51012472060748 -310.5390315388247
488 -74.46797605528383 -62.519710972124116 -310.5631552712972
489 -75.11195236634276 -63.168394107041735 -312.2679493459802
490 -77.43394183865661 -62.9222479697562 -310.09873062563946
491 -77.98340082563945 -63.31965908890302 -310.20117243207045
492 -78.91179118699628 -64.10537401231223 -310.380557689678
493 -82.500335015619 -64.88449316369693 -309.85509941398016
494 -82.33240244329082 -63.06595099326846 -308.8189263648766
495 -85.79365201931543 -64.01573572998497 -305.51473177738364
496 -89.35415183452105 -65.6809545299722 -303.63449656193745
497 -89.30136735602359 -66.55119941213799 -299.10569275612727
498 -93.83493661809541 -70.70694771861724 -296.91709695486963
499 -96.12782177609927 -70.32512470518833 -293.7155489722166
500 -96.43019158270232 -71.56016378074371 -291.367184710744
501 -97.86956061351236 -73.54838843086388 -289.5713277918977
502 -101.64374770932916 -75.37520260991614 -287.5462496276751
503 -102.29316445988297 -78.02691049689152 -288.08819467475075
504 -103.27400305499103 -78.46350536012909 -287.2364627061355
505 -106.36366457894545 -81.90246417296956 -284.4562882366569
506 -106.90042278709015 -83.23228164090351 -282.8512274573078
507 -110.52452162149373 -85.48692673589036 -282.13954141781574
508 -112.6103030622375 -85.14044400433045 -280.07878821971826
509 -113.56120691556893 -86.35866525884948 -278.5303230157736
510 -111.67191057635179 -89.85514580205825 -278.5885829338254
511 -111.63307483964977 -89.19878373444416 -278.090302300826
512 -112.42049284512245 -90.31229789113011 -276.26752758732295
513 -113.66774017470705 -92.14757739014651 -275.9081792734075
514 -112.08789342524395 -92.74525774164145 -273.236307674301
515 -112.27289084550056 -93.33580140924462 -271.4969683951507
516 -109.41541777306502 -95.67757889764617 -270.057791096172
517 -107.01737905991226 -94.98539176296332 -271.5203891748465
518 -107.93607712942054 -95.41132695991874 -269.70799140725427
519 -104.40171646385058 -95.79554122591543 -269.24408294146383
520 -104.44984005245288 -96.00392974677577 -267.46252298405705
521 -104.8375109116179 -95.62842947941274 -265.5653264216761
522 -104.50451507651691 -95.6359342595426 -265.63456230793236
523 -101.604622734725 -94.90036105877921 -265.03237787609004
524 -100.31445193584776 -93.52761377855568 -262.05185948413083
525 -96.04721373776799 -95.09566165345768 -262.65179049879316
526 -92.63842601959075 -93.77175224873358 -260.3111555585924
527 -89.75679572767189 -93.94639430509761 -260.9040924367365
528 -85.37127007907847 -94.16394305370228 -263.7261985893458
529 -83.3311829749388 -93.67154272735178 -262.5933295978051
530 -81.84327245532126 -94.0369606519186 -264.3111879500878
531 -80.16920608553238 -94.0646004271017 -266.1021220330451
532 -78.6312486044603 -95.51474041724597 -271.0498087150889
533 -75.94551164035319 -93.68301398736521 -272.3518405115541
534 -73.98998553954688 -93.46333388307917 -272.6603678618702
535 -73.83617676840497 -95.93190399239937 -273.4684009750287
536 -70.09705226351639 -93.44934848043084 -273.4545456757383
537 -68.49444046899242 -94.2267989182668 -275.321606144348
538 -67.70508724134082 -93.5287342245026 -273.8573994845573
539 -67.20497620308599 -93.55805443781642 -273.98483344807676
540 -66.70171411045874 -93.5556250337694 -274.0150172453648
541 -65.72484082114644 -93.82635239793865 -275.79126677580723
542 -65.22302116780526 -93.8552657742226 -275.9188426082738
543 -65.7965739203168 -93.93763630714943 -275.7304656438513
544 -64.97836394532801 -94.18705332405277 -277.43763884116555
545 -65.16242768673868 -96.07515124674637 -276.7224661474143
546 -65.19568349443817 -94.33397469560283 -277.28981478422514
547 -65.19568349443817 -94.33397469560283 -277.28981478422514
548 -64.85938972694879 -94.34306676158897 -277.34280169793897
549 -64.85938972694879 -94.34306676158897 -277.34280169793897
550 -64.52310594080146 -94.35217042122504 -277.3958141887841
551 -64.52310594080146 -94.35217042122504 -277.3958141887841
552 -64.74395873683537 -96.31788583191705 -276.6458963015905
553 -64.27783599053575 -94.68716491225544 -278.92297184650175
554 -64.27783599053575 -94.68716491225544 -278.92297184650175
555 -64.11089979306615 -94.70875939732915 -279.0010556767493
556 -63.025084242367015 -94.61725078642152 -279.2109983757528
557 -62.75723366047021 -93.9166438769132 -277.6952035590742
558 -61.93891418613849 -94.45184614820879 -279.2012313523458
559 -62.13705652327308 -92.61110596721763 -279.7050409965777
560 -62.85287393138812 -92.31042405190775 -278.2926557972837
561 -62.51654555907214 -92.31878714437 -278.34514296736756
562 -62.51654555907214 -92.31878714437 -278.34514296736756
563 -62.34687836422796 -92.30619935013 -278.3196986948381
564 -61.8121674390718 -94.09307166831825 -277.88790902171024
565 -60.37479915759373 -96.43147815288721 -278.8602909240958
566 -60.20473905938758 -96.41842654851264 -278.8333101425043
567 -61.2929419100069 -96.37858518439536 -278.6585139400861
568 -61.2929419100069 -96.37858518439536 -278.6585139400861
569 -59.42420984583479 -96.39328392608797 -278.98966566715836
570 -59.0661616123551 -94.28421918932534 -278.4823928644625
571 -59.87002987733426 -94.17445237706336 -278.3478410428968
572 -61.13837334784046 -94.11153140248345 -278.0933072418929
573 -58.33410068254792 -92.36818095168476 -279.21006624123953
574 -59.682697634353914 -93.15714092176499 -280.5374534814818
575 -58.62795276382646 -92.95895084939875 -280.40263715201763
576 -59.419354307606696 -92.84809704705131 -280.27274844071616
577 -61.33455376080168 -94.57220027096946 -279.35023424469034
578 -61.08392321650234 -94.2337158817499 -277.8480105945305
579 -61.08392321650234 -94.2337158817499 -277.8480105945305
580 -61.08392321650234 -94.2337158817499 -277.8480105945305
581 -62.35525088394553 -94.96545187298445 -279.4488603758054
582 -61.885561692380534 -96.359434247554 -277.34951400464604
583 -61.33598422464047 -94.39995479291521 -278.14431830866806
584 -60.58850725430599 -94.22615523237204 -278.0786632410733
585 -60.58850725430599 -94.22615523237204 -278.0786632410733
586 -60.70543018442937 -92.07850066804619 -277.1124732002345
587 -60.96508767615575 -92.76804048568529 -278.6256330025837
588 -62.45493556111276 -94.56418107135954 -278.0075646261535
589 -61.63012417630661 -94.67436532099883 -278.15409695361956
590 -61.94876647780613 -94.40938206563976 -277.83597718999556
591 -61.695479024880626 -94.07199634433614 -276.34129860213363
592 -63.71059115361602 -92.79814870024516 -278.1045912240973
593 -61.04442928964633 -92.42324672522348 -277.1645053078545
594 -60.78533522741104 -91.73673641248064 -275.6602165749072
595 -59.30082704591378 -91.77872940731666 -276.03695461984796
596 -57.05491840700753 -91.71014627494378 -276.4851271953393
597 -58.052571150631735 -91.7499792548625 -276.6472017826836
598 -58.55506461766078 -91.72057466234169 -276.5246821415863
599 -56.07794989734046 -93.45684374160649 -276.47797540436375
600 -56.02941034900228 -93.13611224680804 -275.0234602608789
601 -56.64046534012476 -91.39935100641212 -275.50219155684283
602 -55.42923822114891 -92.89950658128095 -274.9364258266768
603 -55.34436926675116 -92.99537907714671 -274.9675878525778
604 -57.534317298462454 -92.10595778858178 -278.57518357465835
605 -61.55561930001519 -104.12389239364899 -301.7627650102736
606 -64.34246092676361 -106.10417887456575 -309.67794496751185
607 -68.85548199348035 -108.73406955365179 -316.30933200589595
608 -74.25413680936188 -110.42337341831079 -320.7484896999715
609 -77.05667894652981 -112.44478156924727 -325.8862923905983
610 -83.9295464646546 -113.62030191643484 -328.2763912471205
611 -91.10509394484663 -114.78638911597751 -330.5069300268485
612 -98.33185975653481 -115.64045030871371 -330.7409688173125
613 -101.09855383228846 -117.06860535972454 -333.84631743414144
614 -107.59548060379669 -117.6447917147107 -332.2099386027081
615 -116.40442338640051 -120.32313608694439 -329.0529548390968
616 -125.03153795145307 -116.12270419690546 -327.36133830844744
617 -125.10010327821212 -102.17765222068007 -289.198709559615
618 -127.70894841234856 -100.74082623492018 -291.01629188546735
619 -132.83738410188778 -102.71739038870184 -288.7659672954185
620 -135.3906471468044 -102.71630007050132 -288.2526290316229
621 -135.2335096230636 -101.94454059772579 -285.1219702736578
622 -133.60394277320205 -104.48040021829186 -285.5636727222303
623 -134.64124455008405 -103.53344213442261 -286.15048995740966
624 -138.67558200470228 -104.31743583779686 -285.08381479173715
625 -136.67393272359112 -104.90135632979836 -286.3616484608203
626 -138.76096715445223 -105.11873435873791 -285.85124245538424
627 -136.27676101756634 -106.62971926915752 -284.62833650496134
628 -132.44192633844526 -105.43840535311877 -283.1551437141353
629 -133.23575830863467 -105.58050941834028 -283.1507979116244
630 -131.53931367511018 -105.58175759842052 -282.44061055692043
631 -131.9560953897828 -107.70172747653966 -288.18311321295096
632 -133.8962054665962 -107.69685103293065 -288.0199369849706
633 -133.1758825315766 -105.91847457441497 -285.1928958658783
634 -130.6595629555388 -108.00875187777973 -285.9287054514647
635 -131.52718214296343 -106.3116192132763 -288.43372800645636
636 -128.051642802743 -105.49812506514175 -288.33413067655454
637 -125.43520207848887 -103.81829861840427 -292.0952219110576
638 -125.60498643650853 -102.91243405665138 -289.9723516198165
639 -121.19769145513257 -102.91149204717031 -291.8362489350274
640 -121.83534394737674 -104.76444559323608 -290.9792374242386
641 -119.38719096441805 -104.77326483162089 -291.9862977131506
642 -117.38781769213213 -101.90811526346539 -291.73454580499566
643 -117.79956929652786 -102.28536881770735 -293.34537127629005
644 -117.56168393514949 -101.90630689718812 -291.7335214484733
645 -113.57606725084054 -101.94153209845163 -293.57813585361146
646 -115.63381277369379 -104.38441071419783 -293.81971167668326
647 -112.27107070637561 -102.85237540038405 -291.28583071190604
648 -110.59715238964097 -103.60976234230712 -293.73526902809687
649 -111.70414249779988 -103.19325616800995 -293.3347327419797
650 -108.50602401956901 -103.62999033216428 -294.56904083325054
651 -107.17615429562511 -103.42702961044354 -295.2221667074992
652 -105.2489889336843 -103.41519208115426 -295.98414271200494
653 -105.31684775599389 -103.59846964782298 -295.9916471248263
654 -105.23446896398323 -102.67723183871549 -294.3795076098522
655 -104.39967186846056 -103.40425141432145 -296.5462125460217
656 -103.23974432232862 -103.22724204662183 -295.1459988391951
657 -101.528687527681 -102.26467617247424 -294.16098315463773
658 -103.21797396682346 -102.97681722903691 -295.43822059398343
659 -101.64128990770394 -104.50520190402271 -299.47401566587166
660 -99.06369449281726 -103.7365994540599 -298.6723165860035
661 -99.44079549275267 -104.88426361530482 -300.3336259655493
662 -100.86391388410104 -104.16566296256329 -298.1774012401619
663 -100.69689575146056 -103.3956542141708 -296.5177863066524
664 -101.08548955516028 -103.76395960319017 -296.5147087049977
665 -99.7743077729685 -102.25701061468594 -297.63566687992363
666 -100.16370023697633 -102.62451971791079 -297.6352125711644
667 -100.50883554972559 -103.38253105231409 -299.277128160056
668 -98.8065504521627 -106.03272023213596 -301.0196217301995
669 -101.15966304726663 -106.4150181629827 -300.29147235353526
670 -101.51724935059919 -106.40552667318083 -300.2778883043071
671 -99.19867697306293 -106.40272384101374 -301.0190204509342
672 -99.33751777186292 -108.41445520409174 -300.00549371345176
673 -100.92912308738032 -108.67005353464468 -299.73807675846336
674 -99.6740011395935 -108.60024601986859 -300.221600501759
675 -100.35987253434295 -108.19916953265687 -299.78146509558167
676 -100.18946039384066 -109.3870115862244 -301.8859721072214
677 -100.18946039384066 -109.3870115862244 -301.8859721072214
678 -102.03546469538936 -106.61854609484966 -300.20413714255096
679 -103.03473354610755 -106.57633235615208 -299.8776474648966
680 -100.43720399438207 -106.585484275443 -300.7498527921668
681 -100.2632591729971 -106.58970233881546 -300.74103130807566
682 -99.69217656770942 -106.03056166283983 -300.5134015234737
683 -99.33463831303047 -106.04057762102731 -300.52484723773733
684 -98.79792917535855 -106.25033860537927 -300.7776799540476
685 -97.96490407460271 -105.86864478935028 -299.14082347802747
686 -98.32878779204437 -105.91764928258296 -298.44545771473946
687 -97.69942126896066 -104.04307316969039 -299.109726694519
688 -97.94363686335079 -104.25430539092088 -298.8785301370591
689 -96.98449866467261 -106.1193162457125 -298.3051982802543
690 -93.61610635815168 -106.52940387100305 -299.124435712041
691 -92.71910524659181 -106.18556289138465 -297.787717956158
692 -91.8247549594806 -107.62225536138894 -295.50658516733057
693 -93.09088970121152 -108.62194162312272 -296.6582023465796
694 -88.42318503771553 -108.61852442771018 -297.86263087464874
695 -90.28818538073854 -106.7952296808965 -297.6643979154592
696 -89.57717526408157 -106.81520655542283 -297.6875829023257
697 -83.00705368542228 -92.552940541273 -267.34645178936813
698 -79.50373141412743 -92.4267599888893 -268.42253938756124
699 -80.7137347355626 -89.74757084488041 -265.28145840035313
700 -78.50874336212928 -89.15252915147303 -264.05430449698775
701 -74.62444298598584 -88.68903182092942 -263.0230549222862
702 -72.77966774662524 -89.67026537734404 -261.0433570009609
703 -71.59076942764273 -87.59118891755372 -254.94579318686533
704 -67.2041682636551 -87.50000543338217 -255.87474744441337
705 -65.48058189793616 -87.55223879176597 -255.67602842255843
706 -70.26490700361758 -91.8400896352355 -284.96940546018186
707 -64.57440765645285 -91.5673096317295 -285.73179017278017
708 -62.004714995444886 -93.01533998684944 -285.15060490053816
709 -60.01575996646217 -91.43474433551009 -288.7256091505543
710 -61.08108326596027 -94.46944034543806 -296.1931249162262
711 -56.1384115639276 -96.48863250799766 -301.1797253129423
712 -62.04593453189386 -96.85317527132214 -299.92070288515276
713 -66.58493272285497 -99.31010665767336 -303.9811291943284
714 -74.45022457146891 -100.45067518630557 -303.66033289876975
715 -78.43020337484901 -101.05099464942388 -304.2190983927928
716 -77.06990189932131 -101.66592788466993 -307.8699921801025
717 -80.76416603573736 -102.29178149553681 -308.4726189575647
718 -78.23353526641912 -103.01123645444687 -311.08712256262856
719 -78.26433866459044 -102.00885046305473 -304.5108595392858
720 -75.40009734068425 -102.05083663986431 -314.7842784001655
721 -364.91435440982673 -508.4589944548095 -1198.382177552925
828 -119.62283754932285 -100.6605267197253 -280.39575419008236
829 -119.79289778243933 -101.22098492359714 -280.17039994672183
830 -112.91599246386394 -98.9273566134306 -281.543310991299
831 -114.62280099775978 -99.54756547567366 -282.52029955011665
832 -111.8562678410238 -99.29506635272415 -281.7420155682809
833 -111.7010385921717 -99.66291823251012 -281.75884833145784
834 -114.20870834648059 -99.64604952052301 -280.7953903520221
835 -117.7621958833021 -98.17349971647783 -276.15756809783204
836 -118.05085206781197 -95.0724289782562 -275.02533269711387
837 -121.51924830689804 -93.81096085656199 -269.5098823225398
838 -121.84946863707918 -92.87225391642697 -266.2075548277187
839 -120.96904018802084 -92.01936694769033 -260.35152960527466
840 -119.5331359012531 -92.92802346749762 -261.4384847423673
841 -122.20984891259594 -93.93996415218216 -262.0739798622652
842 -124.86647735464535 -95.03331653195849 -262.88895774314403
843 -118.37331506275845 -93.88903439501917 -267.99715045412506
844 -120.53812837889063 -95.84393044885253 -270.45929990021193
845 -118.47014488348738 -96.60597082855878 -269.75558938586727
846 -123.31642053910466 -97.38987030969444 -264.73806414731564
847 -120.83091716267525 -99.75826879848837 -261.823953740391
848 -119.2210082943952 -101.34833110093392 -262.7079575257982
849 -122.43768976576428 -103.1724891160653 -263.1421733929026
850 -121.83146441656241 -100.18771036058638 -265.03335859605403
851 -120.29719979228253 -105.31436174762132 -265.99529361754657
852 -120.96188470579824 -105.73222865426307 -265.759306804674
853 -121.84720439646554 -105.31651590143244 -267.74121968790735
854 -118.90020526279771 -107.15721171506587 -272.20835519099916
855 -121.86847777224146 -111.70933166170798 -273.8621322276057
856 -118.14350437624104 -112.37533120504104 -277.49152789846164
857 -119.38300613392732 -115.01825080977781 -278.9132909562518
858 -118.62476364999821 -115.2823881893797 -272.9409831857169
859 -121.17662922338513 -118.2878794203528 -273.8029427891732
860 -119.19045711673212 -120.65962228667846 -275.9810837641061
861 -118.2305211979926 -122.46392022840266 -276.2991392820111
862 -116.07186273780204 -121.98844460505623 -277.9362881463482
863 -113.82515641954971 -124.18191366175624 -275.94360972958077
864 -110.07868190281266 -123.35707552639836 -277.85312726388827
865 -106.28033918142265 -122.35332676624495 -275.63375834902206
866 -103.84804960010982 -122.88591676397522 -276.2830691394595
867 -102.43312859944756 -123.54701711549686 -276.495617591311
868 -97.8355539544593 -121.89657233961847 -278.729249708165
869 -97.67059295071994 -123.882061173795 -275.8455419501232
870 -93.30036710553776 -122.19591287007015 -278.0329797210289
871 -94.42495345065424 -123.63882029797367 -274.65058616269675
872 -93.42086504694377 -123.19303758205385 -273.5364491126559
873 -92.63330968138777 -121.39202759791239 -274.57778938639547
874 -92.4766379400308 -122.77689559351674 -271.92373554297217
875 -87.66723241639245 -123.11600359307846 -273.28871567566677
876 -85.42868149270748 -121.61246055161179 -274.66103416870925
877 -86.10964581187984 -121.18033025196311 -272.60571380576135
878 -81.86280834803621 -122.3549583993285 -271.0716474822097
879 -83.81329730046193 -122.39567875357741 -270.33170015991453
880 -81.93717315052186 -120.75896225201495 -271.9350124573831
881 -85.36561834413881 -120.75778356762807 -270.73082146585625
882 -85.78061456681253 -122.02659738901582 -268.13052610258404
883 -83.18595910985358 -119.48099819513342 -268.09559892688293
884 -83.21165797498003 -119.31563518774988 -268.1322048189887
885 -80.64781448222662 -119.49337991436147 -268.75220304777775
886 -82.51945156565074 -119.31437093093624 -268.234751481965
887 -80.64083615457662 -119.40296777850129 -268.72545644387696
888 -83.68290716567242 -119.53459461348156 -267.7070287035373
889 -83.3428722673962 -119.54136039286129 -267.7699557059739
890 -86.11107960267952 -119.55704811086531 -266.8248372621758
891 -84.68192772083862 -119.43353640379524 -267.2971328756745
892 -83.36695779193336 -119.37660057232388 -267.62354835851903
893 -84.71904655890712 -118.80437083596019 -265.561668439791
894 -84.90712277146208 -118.78256897637792 -265.80249095730426
895 -83.30053424467245 -118.14958262196242 -264.5973867762938
896 -85.17894429021788 -117.96877493869817 -264.05319131373096
897 -82.84573136488461 -117.04972053941479 -262.86979942499556
898 -83.4510498832369 -116.49728401873335 -261.4114722646385
899 -86.0973280713769 -117.46946190307021 -258.1532194482478
900 -84.47766534155068 -114.25950162891777 -256.4086238258612
901 -82.18918492253952 -112.68702968440164 -254.11326827241425
902 -81.98418272078712 -111.96338421772367 -252.35874961258102
903 -81.95879516748766 -110.65662788204787 -249.29395251422824
904 -80.07872324143362 -109.64919958315795 -248.3800910711471
905 -80.56994366145831 -108.26380173217153 -245.66774764516035
906 -78.1577937463009 -107.30622978885022 -244.96853397239073
907 -75.84472608200605 -107.27616479859108 -241.7034191829204
908 -77.67602420509861 -104.7210217145325 -240.7156450249644
909 -77.0261483517989 -103.72370063880658 -239.53471587825084
910 -75.68797664246766 -102.74107806577686 -238.20371238263496
911 -84.72797397727832 -110.11826317495445 -269.24704198645713
912 -86.50129757407178 -109.40922192138424 -268.70427689605106
913 -86.3575133641645 -110.54964004728747 -267.7196705283444
914 -86.58770307013059 -110.06627447158452 -267.92677697999153
915 -88.95100181698365 -110.10690586678936 -268.82988133877177
916 -87.09420440486032 -108.15295677713212 -266.01078082500374
917 -84.99690298513501 -105.6996984961683 -267.3693739529745
918 -87.79760484231119 -107.03666148840327 -266.10607072441366
919 -86.04380578559844 -105.93588611346449 -266.36638584187625
920 -87.30792657065017 -103.36042378241382 -266.79593667110885
921 -88.40371967182003 -102.04762399522505 -264.7636482353851
922 -90.96859216507613 -103.4836976683046 -263.4751799686438
923 -91.58176591519656 -102.02341768583224 -261.80421049361655
924 -91.95581101471936 -102.62632086613115 -261.01479318780144
925 -88.75476876385994 -100.88164735594064 -260.26804696388456
926 -87.8394311941792 -97.7841711889013 -261.26932851636764
927 -93.17370948931712 -95.8433185522028 -258.16430890460475
928 -93.39663390398962 -95.13952127364774 -259.7060556724353
929 -91.71814843977083 -95.38477944366609 -259.6668700787867
930 -90.17989058477025 -94.5749382903987 -261.54550537526785
931 -89.91851689907807 -92.79307909613522 -265.4480058788119
932 -92.9273102689605 -91.67831013878384 -264.7387680560385
933 -95.05816509436012 -87.80640499613504 -262.9267700673483
934 -94.44374933671116 -88.18560820967204 -262.4468921545681
935 -93.62846133456745 -89.02843109310736 -261.7210175754987
936 -94.23808992618942 -88.02981107997549 -261.8059238092524
937 -92.26248729523984 -86.75781466470829 -260.85801400022
938 -90.72980763888373 -85.9804777177056 -262.90601049722795
939 -90.38148007220617 -85.68822799331835 -264.5128680764178
940 -89.70261258263324 -86.76709862770083 -264.11595809263235
941 -89.51414432738491 -86.4002229488535 -264.09399475019853
942 -88.04297866187301 -81.84102013822395 -264.10924921697966
943 -92.06272684578508 -81.97425388232644 -264.3113127010656
944 -92.99258648912775 -82.69743182928899 -261.80662312838047
945 -92.88692989520165 -80.9450865674116 -263.90581686961434
946 -91.25401210534754 -80.26450420415946 -264.3344134667742
947 -91.61094272272624 -79.83331764026606 -265.71325818024513
948 -91.55336515701423 -79.27467389721444 -265.6502470201871
949 -91.82114816518245 -82.30698730955967 -264.3464741508756
950 -95.01757471740216 -81.8695021591883 -263.212829458835
951 -94.99633476767053 -81.51048204234071 -263.1870384856044
952 -97.17430557039157 -77.55556474482408 -263.66009342398974
953 -95.44022654131838 -76.46227184489038 -263.9129172468799
954 -95.52236533857817 -75.36678053176736 -263.7170420605418
955 -96.714647454789 -74.4518230752732 -264.8159974678731
956 -96.01321392358477 -76.58637036850799 -262.17514730851735
957 -96.5174407800824 -76.31666477181862 -263.51362728636207
958 -96.43953234074284 -75.23746212836281 -263.39864971266906
959 -96.99007083374558 -75.13527048171137 -264.68157907437126
960 -100.13208900102173 -72.37265812423087 -264.1802758601901
961 -95.89009135337284 -71.84958613561383 -266.95935920665005
962 -96.70624436706653 -70.8175010929581 -266.43389211971987
963 -97.60869027235834 -67.97000626915995 -266.44467384803215
964 -99.45582002581979 -68.90618444214611 -265.006935804819
965 -100.95922228754247 -68.11148858193627 -265.9335369366495
966 -102.02948099487301 -66.70009591677747 -265.22731113259425
967 -102.37389981202095 -65.24679174109785 -264.9024690096091
968 -98.24594125070979 -65.96322350748294 -265.84572699170343
969 -99.20375594548076 -65.09954290372195 -266.9017331735587
970 -100.67305834710642 -63.57166037634735 -266.05305691772634
971 -102.6062873610066 -62.843660773434536 -266.7182441779107
972 -103.57422233598837 -61.969431228918694 -267.7451371319913
973 -102.28134999033549 -60.82297635579759 -267.7273315554705
974 -104.59656024272793 -59.877043891149185 -268.23733593079305
975 -102.781524268829 -58.955148203599535 -270.31878003034365
976 -106.71931747862607 -58.74766022998739 -270.55517966966033
977 -107.730568249985 -55.84258163522448 -270.33720499317616
978 -108.52763362727333 -58.930881214776804 -269.00856355303864
979 -110.13949380659889 -58.51826164722621 -268.36445292215274
980 -104.860760680809 -58.10307523059137 -270.1122436799302
981 -105.46303340404928 -58.12794385529435 -269.9460658692174
982 -106.81148435627546 -57.80649330449066 -269.4195233623212
983 -108.32261050189686 -57.215022707225714 -267.2754943904935
984 -105.17405086251212 -56.582146748375465 -267.00821162613175
985 -108.2117951390637 -56.72280163842812 -267.5512577626778
986 -110.04589365287782 -54.55047239444508 -267.2573139747976
987 -112.38225833954841 -53.924875523367405 -266.2393499477297
988 -113.48538892852886 -54.006838043595494 -267.6085308331923
989 -112.08813111987519 -55.9736503614604 -269.68898100085084
990 -112.72356721476521 -56.076843276701624 -269.6132626773771
991 -116.07326668110781 -54.48122208130323 -270.4143442829627
992 -115.52675268750355 -54.40867069080289 -269.17400030121985
993 -115.75643798929372 -56.82072330528982 -270.4917782284083
994 -115.2878042403584 -56.79786803155612 -270.72615857454446
995 -117.61009803074862 -54.833162326597005 -270.1886952622375
996 -117.41801956761543 -54.237580997913554 -268.5892346298067
997 -115.50102310822962 -56.449771823348584 -270.7171662291364
998 -114.53991419296753 -56.1992739603714 -271.1120019705492
999 -114.58367684009087 -54.56898931832525 -271.45740077712674
1000 -114.9535894901905 -56.619705101288375 -272.67960116325133
1001 -111.98266453648048 -53.35331515440721 -274.5004143463682
1002 -112.7794357278471 -59.686668435136355 -274.6113104880298
1003 -110.90540029035526 -54.95167259092604 -274.84535526765336
1004 -111.50283469699565 -56.539184864297894 -272.67301992005616
1005 -109.36104199246807 -56.71699798092094 -273.4859809750054
1006 -109.54345252714253 -57.57866650727644 -273.7967925568574
1007 -110.07969691994867 -57.94407228458526 -273.8141300607721
1008 -110.34513925686389 -56.5441475899236 -274.31379350252223
1009 -108.70303785596043 -58.71677629259287 -274.8582256803835
1010 -110.95042324698133 -59.602179004039385 -274.33036156476015
1011 -109.71577242194365 -60.331405821262095 -275.1736065853811
1012 -109.81855113885234 -58.703145741094815 -274.1647485316356
1013 -110.89229902620036 -59.42693157974227 -274.1445250955425
1014 -110.97881197387754 -60.32843136305607 -274.48743257906835
1015 -111.48162561333271 -63.23500683274963 -274.37834897973744
1016 -109.95476903550231 -63.714315723421464 -273.741165949093
1017 -109.79547174319595 -64.83386559937443 -274.22710548440506
1018 -110.16708414329972 -65.67812351958999 -272.87746258834227
1019 -112.10155705535932 -66.94928841880302 -272.46022985018726
1020 -110.08617823547166 -67.41735661852401 -271.88080959137875
1021 -109.46191700312602 -68.6211838328289 -274.1186293758557
1022 -110.9908261367831 -69.35722128016492 -273.82086704228243
1023 -112.49891561969744 -69.47222937185079 -271.8076541756789
1024 -111.46044205682107 -70.47325784439056 -274.1352565381352
1025 -109.93004508486771 -71.36610386781885 -274.6873976969189
1026 -110.2354352725814 -71.45728048951501 -273.1718737126406
1027 -107.38529057444518 -72.02530079660984 -274.61244071577414
1028 -109.66818487335034 -71.04985361520252 -274.46689819710065
1029 -110.3353970039781 -71.95657062793236 -274.4361954884987
1030 -108.78026781746323 -73.06283984391146 -275.3757556841278
1031 -108.76245815044287 -73.1542874826208 -273.90842542846644
1032 -108.28354999774359 -74.38567598939552 -276.09265681634247
1033 -108.47353573514243 -74.83598811047185 -274.62743240559837
1034 -110.03897469514204 -76.12147727612097 -274.2367815489146
1035 -105.91446572068304 -76.9396213384092 -274.4734401811768
1036 -107.74410892427072 -78.43416070462098 -274.1008085615289
1037 -109.33171577958507 -79.41991500086469 -272.2106768908965
1038 -106.2081438471066 -80.77693093529753 -272.01302203717
1039 -106.51713314252879 -82.59875671284767 -272.161896046819
1040 -107.93143867873721 -86.15873522675349 -271.6125800717844
1041 -104.80564337514635 -88.3921297282276 -272.998384487886
1042 -105.30226993803151 -90.60469513722748 -271.3585129485753
1043 -106.24614451083615 -93.34348579453216 -271.2714957304047
1044 -104.31173653485021 -98.3130529104493 -271.2387593918645
1045 -103.31772087108392 -101.6195921313244 -271.59403863404015
1046 -103.23515863586778 -103.15706678651227 -272.22515251906117
1047 -104.11697325463247 -107.15851964181124 -273.3929078960974
1048 -105.06524828369305 -111.01836493010558 -274.61099563618404
1049 -101.68078778419877 -114.88391171733414 -277.1026458923057
1050 -100.73045944715196 -117.7990200451552 -277.02505226345613
1051 -100.86911224023913 -120.56929510209818 -276.4377611917829
1052 -100.41715447061597 -123.5417920583906 -277.8278101796674
1053 -101.51480938663106 -123.99543987549141 -279.6036862915819
1054 -100.07183976036177 -127.84741563687574 -280.725849259505
1055 -101.09739373401064 -128.95576271370328 -280.14965562210637
1056 -101.92035835135036 -129.87492003344062 -279.79363548773256
1057 -102.07143341399788 -131.64160489295585 -281.20904866228676
1058 -102.80223904803172 -131.74308852481565 -283.34310905298804
1059 -100.87240524766467 -133.30260124663357 -285.5388497433992
1060 -100.90032616124327 -134.86768977708107 -286.99653885211444
1061 -100.79706479111564 -138.7649672143958 -289.40629587891164
1062 -102.18315227975236 -141.25519539809505 -291.7245949281567
1063 -102.08049017853108 -140.8388545123708 -294.4651977865858
1064 -101.69067760535627 -139.6538920176463 -295.2277708615432
1065 -101.35261496133654 -140.90104899402775 -296.8911028041496
1066 -102.19792127271239 -144.80788221684986 -294.30861463615724
1067 -102.61097216688063 -145.2166150862077 -294.32010741370993
1068 -100.52924770874154 -145.41630975102936 -294.8867822906356
1069 -98.42212525476307 -142.9568611577773 -294.48131326852786
1070 -99.80824384099856 -143.14065981815017 -293.40829491570327
1071 -99.34327016811358 -142.96221588954415 -293.9063138102674
1072 -99.81940350105765 -139.51073678534533 -291.0287404787586
1073 -98.88632869851308 -138.59045140504935 -289.5677807785165
1074 -97.020419412965 -137.20162710214652 -288.4850300142968
1075 -98.7231657041482 -137.8280189576618 -285.33075439633814
1076 -97.08356132696406 -137.7398952103752 -283.53303386780715
1077 -97.67638511259649 -133.95731156789495 -282.63861018847626
1078 -97.36239843107096 -134.16223651688674 -282.0559141847176
1079 -97.06470609500491 -127.85481553073356 -282.3595171417139
1080 -99.15561886543011 -125.4410353938247 -280.13633395275195
1081 -97.79777462071291 -123.41479383995826 -280.6654155597219
1082 -96.22123980902464 -121.23699558617263 -281.3727950344727
1083 -95.08183726377348 -118.27045971676438 -280.15415582936805
1084 -93.7501515860153 -117.90971872592604 -279.89780831016395
1085 -91.16059181148418 -115.16564440209403 -279.1037420472103
1086 -91.08685430689619 -113.35396388137816 -279.0998267178771
1087 -93.89312020038398 -115.38439135881845 -293.23503414413966
1088 -93.01797974285287 -111.16892752835734 -292.45529002185765
1089 -91.59502163334335 -111.95355238903208 -292.0873241738851
1090 -89.07476347262579 -109.1806654903521 -293.532302872561
1091 -88.3362971822004 -108.04072361005669 -291.9719510884066
1092 -89.9710373933894 -108.06708647611475 -291.4578131077564
1093 -90.15671063667608 -108.452675290487 -293.0677999891006
1094 -93.32803816058998 -111.12858770092143 -293.1242707509608
1095 -90.18600951747499 -113.40268168016104 -293.33515427397555
1096 -89.8449288612562 -113.78680761922135 -293.38077146073704
1097 -89.87459829650874 -112.52399104257131 -295.86152994991255
1098 -88.1638964070365 -111.21794433859289 -299.17668952090514
1099 -88.77440091709613 -111.20728926489049 -298.90540018881734
1100 -89.54652995123013 -111.66211056451716 -300.31531766353885
1101 -87.83184044874105 -111.5012702837575 -300.49220396281646
1102 -84.18482916718875 -111.76462898860768 -303.2802924579163
1103 -85.4314738875911 -111.91218005753525 -302.8770060146408
1104 -86.19603824022144 -111.9531589545982 -304.43373186108636
1105 -83.987525484455 -110.76938404184779 -303.1870907059762
1106 -84.33400419035445 -111.17986418803139 -304.8782165264665
1107 -87.2624393837585 -111.90607834286723 -305.8157774786137
1108 -90.14495225363063 -112.26678206604836 -306.73177925323284
1109 -96.04798978411094 -113.03327316891816 -306.6784879818769
1110 -100.7186650383781 -114.10193433668628 -306.9096401206261
1111 -107.8658039724535 -120.27757667589243 -313.0506743563646
1112 -106.50499124673425 -115.82397627388681 -308.32589059163496
1113 -112.82615189451218 -113.69451146551768 -300.6724808553643
1114 -111.59790143964 -109.93919470805605 -298.24304011519536
1115 -112.70748728383539 -111.3672899414089 -295.2641553855067
1177 -124.15211455342053 -90.21687550493557 -264.66132481877014
1178 -123.61601986425256 -89.89334241028256 -263.2018894278575
1179 -123.79300314486198 -90.24922594027522 -263.13605240161536
1180 -124.42848933911881 -91.77869339685775 -260.5538946243547
1181 -123.34366940478671 -93.52120244235951 -258.71521409621255
1182 -125.11429273171122 -92.24606259967835 -258.96078897798856
1183 -123.90551982402387 -92.42349056248753 -257.816402152056
1184 -123.02514729922183 -92.74679496374823 -258.1986950838347
1185 -124.43241134274137 -92.40672103275466 -255.83533245901228
1186 -124.62293697246727 -90.43270660188968 -254.82643764423398
1187 -123.97034148807492 -90.93855419090245 -255.10740683949072
1188 -121.07069395575172 -90.7676329711862 -254.60563419228123
1189 -118.91135596246738 -93.44162465238372 -254.8691031730672
1190 -119.18883080252358 -93.82782050558845 -254.7545588480899
1191 -118.35317474481057 -93.49499052685024 -253.43852512362486
1192 -116.82623032191077 -93.01744262975309 -252.56516436461732
1193 -115.765706079669 -91.78344981183608 -251.8280570712949
1194 -114.92761421119555 -88.791079515597 -251.09048710884244
1195 -114.39447222107798 -87.07088656697489 -249.6798129012494
1196 -117.2063510112984 -88.09344883140469 -247.68850368974796
1197 -117.18220568080497 -87.38782230266935 -247.67212524179195
1198 -113.81498220091869 -84.63332624643596 -248.23023765967207
1199 -110.6908862662638 -85.97052263991687 -248.65938194935663
1200 -107.28157619558957 -83.06242763704913 -249.14408461230093
1201 -107.80931700078668 -84.92024458196813 -250.1256608021105
1202 -107.14591682329694 -84.70528059869815 -250.3456007766014
1203 -105.75117416331307 -84.01677263983035 -250.83999341997668
1204 -104.30872442868109 -81.46016919777698 -251.8503431802044
1205 -102.78393938194127 -81.08021053037139 -252.37235874254728
1206 -102.26297969607944 -82.22282601532177 -251.81549990659403
1207 -102.08744540398169 -81.67796067091479 -251.82338121805194
1208 -104.95929066728189 -80.9479439758276 -250.50688146704653
1209 -103.8799165939455 -78.78406844114461 -249.42903642077414
1210 -101.89857438032632 -76.40653509363003 -248.57853390062647
1211 -102.80982073215388 -73.99708226248462 -247.9919458549254
1212 -104.07114160177804 -70.37333263117874 -247.7958259997008
1213 -104.18046436442575 -69.88360166683249 -245.5385968645268
1214 -105.58843774826337 -66.47716965849614 -245.3175164189299
1215 -102.05820023450445 -68.28383359203062 -245.33162305561723
1216 -104.31538515524258 -67.43803165542214 -247.5763259897691
1217 -105.04496400153656 -65.72704151041913 -247.03418341307784
1218 -106.19960601676638 -63.13041329611792 -248.38342514723035
1219 -107.29448453240833 -61.826973065101896 -249.256162627612
1220 -107.40103430376622 -59.24323434082942 -250.669549058644
1221 -107.99984758422688 -62.02326910124604 -249.7080803233337
1222 -107.37037107927995 -61.118671373542426 -249.78980409504234
1223 -107.89690340290463 -60.65189197980807 -250.99227145638818
1224 -107.87903009359933 -58.32079042850167 -252.86674426655574
1225 -108.32116974824115 -59.46388920818849 -253.6694773345598
1226 -107.66736749263666 -59.36538862293705 -255.42796091075883
1227 -104.80789106923707 -58.85642769016931 -257.71847230986987
1228 -104.7398182482234 -58.14453517731735 -257.57772529078824
1229 -107.1210056168095 -56.837026006100615 -260.26722838357387
1230 -109.4279249678575 -58.30071427573387 -260.25886597825456
1231 -109.82967259504422 -58.16901941982472 -261.56524081541136
1232 -110.57060012743663 -57.30944278609259 -261.16057864229003
1233 -110.97582444493972 -57.17442192363151 -262.4680448140073
1234 -106.79056577486662 -57.013483589693635 -265.3486856085531
1235 -110.2704693545333 -56.883874619947264 -264.118223293868
1236 -112.19188645029689 -56.5267965991153 -263.2350196418854
1237 -110.97402726184075 -56.17496538737147 -263.6497999843518
1238 -111.09476918501866 -56.40300118152976 -265.12752085000415
1239 -108.65433803096542 -55.792219061234036 -264.08096958750207
1240 -110.32149926288812 -54.184478775930046 -264.01088277448713
1241 -111.55859655833457 -57.96942798835485 -262.63327623002886
1242 -111.61200025809296 -56.56626337417477 -264.49593308522526
1243 -110.0708636705375 -56.22067919142526 -264.9846769036784
1244 -108.8847000573291 -56.050747544789914 -265.1538900036301
1245 -108.46891760320753 -57.67744370706144 -265.0443672990854
1246 -106.96893053897136 -56.29058104967652 -267.476171460258
1247 -106.32234809652644 -56.29799541881383 -267.6343115169669
1248 -104.07009355239572 -58.09829014289521 -267.99104522514403
1249 -104.5262069992682 -59.223706778468696 -270.9597304786395
1250 -103.03038831371993 -55.5715641772813 -272.1940159894249
1251 -103.12163000338504 -55.79120243491853 -273.7095852588938
1252 -101.81163441364185 -57.0694092932476 -272.07417557887095
1253 -102.23633359402669 -59.35592769139369 -274.71521359306143
1254 -100.49525437759715 -58.99305314784465 -275.3169997481904
1255 -100.19645577266212 -56.40408398572947 -275.6039386206103
1256 -100.16184373548651 -56.036761272521844 -275.5092102267183
1257 -99.90161379051362 -58.28228485567796 -276.80036694078444
1258 -102.90797775193948 -58.02880831736303 -273.9067262480238
1259 -105.38424389773998 -55.8254099196683 -273.2384798540801
1260 -109.14498001972103 -55.817667531906594 -273.23872457219267
1261 -109.84445087361817 -55.9253710901919 -274.82757434776187
1262 -106.02444799600619 -54.74867601128068 -274.2463909993475
1263 -105.19883083248541 -56.572759898042975 -275.597148127024
1264 -104.84894961677205 -54.716068528874786 -276.1242782627545
1265 -105.04501945099653 -56.34242294393627 -275.43780542986747
1266 -105.05686363015712 -54.34844182328008 -275.7714776662569
1267 -102.67889345055421 -57.048916503776425 -277.898215392356
1268 -103.17028613455548 -55.21628055698548 -277.9302159083952
1269 -102.20769227950423 -58.29913710080369 -279.58054942140103
1270 -101.29293948535386 -58.562010585598586 -278.31358859009885
1271 -100.38371108028963 -59.65904007751662 -280.31462094148606
1272 -98.23739978225726 -59.71198829001942 -279.43450827870447
1273 -97.57008515804398 -59.70935769954501 -276.3992206404925
1274 -92.99413028453569 -60.08138530688902 -276.3287005331026
1275 -93.45111496304386 -57.39402968544421 -271.7474339446721
1276 -93.66448315116011 -58.219174431759285 -271.7205259722998
1277 -91.44345451433769 -58.72747564467663 -270.729419904471
1278 -91.97909692181227 -61.506228690003425 -270.4803339195322
1279 -94.53499381298415 -64.34174666770369 -269.39203635831007
1280 -92.80223091919383 -64.9518301816924 -270.14683632314626
1281 -93.68936201728572 -66.35595880618459 -271.6108831591663
1282 -96.3756590753654 -67.0024273970889 -270.82068564561763
1283 -93.500166516976 -67.63351357795293 -270.33656405275
1284 -95.617235258408 -66.52186587342861 -270.2013217527676
1285 -96.9526258861635 -68.87860418179727 -269.37508167937045
1286 -95.88971240922405 -69.71227727185631 -269.9299566794397
1287 -98.74036458135262 -68.30729576845224 -269.56511434704856
1288 -97.15321932845292 -67.19496089698524 -270.6728054041736
1289 -98.96699243919733 -67.89978108033006 -270.16473310915836
1290 -97.5357283883107 -70.14171020007937 -268.7755572906441
1291 -97.56351142273121 -71.21523445552587 -268.9734661732459
1292 -99.28282181529951 -72.33813539246364 -268.8578159118443
1293 -98.8391619719031 -71.30160456860219 -269.4066345849424
1294 -100.49877635653198 -72.40079391714859 -268.9979491557816
1295 -100.38790367778523 -73.51150019592937 -269.28524464910896
1296 -100.10790348220104 -75.55587535036396 -266.04503691976566
1297 -101.9359172220909 -76.66879233734448 -265.5903890702996
1298 -102.27745349605033 -78.39941619534102 -267.2220418960511
1299 -100.5150843664421 -77.23691018271191 -267.0762669184106
1300 -102.32521391572348 -78.30586585743626 -266.46998560119835
1301 -101.46453917321867 -79.32097627461353 -267.02838705563397
1302 -100.88077583627026 -82.20252133419167 -266.8732056545037
1303 -102.60198287508463 -81.20322518017299 -266.9628635552675
1304 -102.30414224784273 -81.98590572747425 -265.5497056502588
1305 -101.47175927646113 -83.19737788883235 -266.00917985876276
1306 -101.6343719609107 -83.91168930877501 -265.97885979476746
1307 -103.81197500335512 -85.03216381358845 -265.5752069148113
1308 -102.98756188980104 -86.03889464483862 -265.6617926252502
1309 -101.82991510040722 -85.1435518875526 -266.8501015926789
1310 -104.14671202483487 -86.28171854758122 -266.4462267280278
1311 -103.80453732208807 -88.52991011598208 -264.1208674386705
1312 -105.01755696127043 -90.46647896248655 -263.79945283305915
1313 -104.12528119459469 -92.549361794421 -264.35056891219887
1314 -106.15911521839391 -94.06221086742076 -262.3366488142107
1315 -105.27438806856091 -96.13857604080378 -262.44494238875143
1316 -103.93239413659913 -96.00963252904353 -262.14030258162853
1317 -102.37594059185501 -98.5280968789904 -262.7879390900317
1318 -101.35156238965077 -102.8018133138876 -262.51596055762997
1319 -100.87663736875297 -104.34143726063161 -262.7399438168497
1320 -101.20561665210683 -106.48577597919471 -264.20883621493255
1321 -97.71139263011736 -105.24534499938162 -264.64486280790265
1322 -100.89838167122666 -106.21641547132813 -263.4225443913175
1323 -99.7544669653411 -109.50537628448126 -264.7015934680598
1324 -98.81421461016029 -110.48325071947895 -265.0759194561426
1325 -100.16401876728443 -111.50393027586571 -264.55140318548644
1326 -95.69633026353802 -112.4771682653103 -265.80421354523224
1327 -97.1101986309911 -112.77634088613205 -263.5603876300424
1328 -98.57758863618915 -112.34352710914192 -265.7951203904011
1329 -95.85273695930516 -114.13027410368217 -264.3368371352099
1330 -97.77102142896125 -114.6593675452593 -263.6039553754934
1331 -96.70568611482634 -115.96758316426218 -265.29819404642717
1332 -92.73375547024665 -116.276195387944 -265.0286483641314
1333 -96.03471139610141 -118.22363758302497 -265.6597095380004
1334 -94.66612953017622 -121.70633925480128 -266.9530880561922
1335 -94.92656814933076 -119.02788644899383 -268.06210152316066
1336 -94.7165316897591 -120.77431094952819 -269.7544810169118
1337 -94.63134010115937 -122.70654784154559 -271.2884452990553
1338 -94.31850560379972 -123.38276638496205 -271.4021222898425
1339 -94.02395349134329 -124.25458801689756 -273.17253925162504
1340 -93.86604920854377 -126.47116157126301 -272.3709700617842
1341 -93.35678179810725 -127.51709178707287 -274.20045416572947
1342 -91.77241460573414 -126.72487466553355 -276.9673316092641
1343 -91.16784818184283 -125.12019495538634 -278.3517260904569
1344 -90.50585851010507 -127.17521526889168 -277.76180990105036
1345 -89.04637056317765 -129.0306985158144 -277.39017883377926
1346 -90.55549157666138 -129.9759034547093 -278.4937770820977
1347 -88.51112468618732 -130.1086298693947 -278.859541145093
1348 -88.43939328974508 -130.04736287767793 -278.9242769190758
1349 -87.72911905518424 -130.53836072229817 -279.08120184026916
1350 -85.80846150934445 -128.22078839841464 -284.86394118623105
1351 -84.8530299576197 -129.7935439431914 -286.8748847777984
1352 -85.72411108677265 -132.9400897240474 -287.3691342295492
1353 -86.2247351802323 -133.24409080841997 -287.3231620697068
1354 -89.05323607037025 -134.8802000577423 -289.93870225663636
1355 -86.46912123319122 -134.3804285289237 -293.3197111504845
1356 -92.13804161203626 -135.6094718972916 -293.36270011237906
1357 -88.07844658439537 -135.1278181592636 -292.8956987771128
1358 -89.55473654794861 -137.0218325722234 -291.7372754544996
1359 -91.23355799404007 -137.2523949752303 -291.2602682527532
1360 -92.57296328554884 -137.70648337609444 -291.27286698896745
1361 -92.59033615908086 -138.8940955883035 -292.7999968748606
1362 -92.53023438531099 -139.12419682163204 -293.0448068700963
1363 -94.89366575428184 -139.16512702764732 -292.49302845672963
1364 -92.97508711885465 -138.51047484886502 -291.55864427976877
1365 -94.4137059533208 -136.36650663915148 -292.28109844216664
1366 -91.98267928644663 -136.24435808446947 -293.2109083669695
1367 -93.25107807325763 -136.25300364236944 -293.06499388532
1368 -89.40364251961691 -135.39814165729672 -292.7062166311317
1369 -91.0440539300065 -138.06988838462644 -289.019194806212
1370 -87.71290417073726 -135.64441286561816 -290.94163684502166
1371 -90.36139102893696 -135.340901797539 -290.697642795052
1372 -86.39376886083298 -134.4762702555463 -290.3154070269742
1373 -88.46776169855082 -135.77833894721024 -289.1829293953204
1374 -86.35716661293606 -132.37845799459757 -288.9654569263063
1375 -87.37208377746924 -132.52174971745555 -290.9588124758541
1376 -86.29768383023314 -129.89224188391566 -292.4539846221071
1377 -86.6869346203282 -128.31947293194213 -290.86228603631986
1378 -85.91472383597196 -127.60471328656578 -291.32935773773175
1379 -84.00776315380695 -128.51374990396664 -290.99714724247843
1380 -84.06242670072447 -125.38705211535127 -292.07579662847246
1381 -82.21812995806454 -124.66588701353172 -292.8291353716723
1382 -83.55729830548086 -123.40002343147293 -292.68657119770523
1383 -83.59257311458944 -121.85794102003197 -291.1402092928266
1384 -84.38518138892623 -120.78120579803733 -291.4067323060138
1385 -82.38207291589899 -120.12311955037012 -293.87012311179217
1386 -82.6181840679262 -120.03841320509842 -291.53857711990867
1387 -81.02830863516417 -118.18699298769234 -292.2554886695066
1388 -80.97614020954893 -115.78327726157784 -292.19993272979525
1389 -81.23028949338423 -113.1938286147133 -292.3442881529112
1390 -79.66390330665676 -110.79095514097999 -293.32162635701206
1391 -80.07800187419039 -108.19679092763539 -293.4122342019408
1392 -81.61631638931294 -105.0039518657351 -291.1607682913366
1393 -78.66869481617972 -90.3614789173361 -263.53001005914865
1394 -78.49132465900718 -88.2991066223214 -262.1037210402288
1395 -76.38030521727542 -86.59327489655905 -261.22900884089404
1396 -76.69869501050833 -85.4939965197756 -262.590794558536
1397 -76.3644185307699 -83.4491944260426 -261.12538661667713
1398 -76.42692013295661 -81.6995837055586 -261.032775532325
1399 -73.9934620945954 -80.31786200507374 -261.62032524117444
1400 -74.0965337844937 -79.26577056901787 -261.53880485697016
1401 -74.13826585630751 -78.13008186678348 -260.33958663468724
1402 -74.30296632032915 -77.77045813025693 -261.6788374331625
1403 -73.82795215305094 -76.10860117952045 -260.2150568036949
1404 -73.67665283191411 -75.65345740949861 -261.2827891968326
1405 -73.60708509948543 -74.60721520235444 -261.2005105484725
1406 -73.56024851578222 -73.90981263508029 -261.1424117870285
1407 -73.68130898806768 -73.1813232657247 -261.35965863051774
1408 -75.70144482158528 -72.48159257682393 -260.6863977310434
1409 -75.49451787006006 -71.78367510884806 -260.60946204663156
1410 -75.119838328562 -71.09132065915072 -260.55794503330435
1411 -77.13756747718014 -70.65873334814813 -261.34818478849746
1412 -74.98062868035052 -69.15239262554262 -260.0236149606668
1413 -76.93061092137718 -68.44725527867249 -259.3067305219705
1414 -74.3923135323756 -68.00081305677857 -261.38086811196337
1415 -74.18384325365984 -67.30178031432342 -261.2851864926072
1416 -75.98862734632756 -66.85696517604708 -262.07178285655215
1417 -75.74306539497596 -65.81285330218202 -261.96582659831773
1418 -77.94043807633656 -65.34514894434652 -262.616296926961
1419 -77.46528887513625 -62.13525067239476 -262.94413844657856
1420 -75.95531144982559 -62.92878060503567 -264.20542010328575
1421 -77.67779029841316 -61.76387140751369 -264.87176883549347
1422 -77.46165823124925 -59.23395937124866 -266.504274687466
1423 -79.09752772714904 -58.04449123536007 -267.07112671700304
1424 -78.22324010463706 -57.290532690083836 -270.3359766491982
1425 -77.60221157853061 -55.88411331182674 -270.1154473694203
1426 -77.13410598241438 -55.58366711009559 -272.68328121870803
1427 -78.62797727180424 -54.74000629211032 -273.3975130188823
1428 -76.77231619842911 -56.16572956681722 -274.79650297322104
1429 -76.98182601413248 -58.130654242696224 -275.9351603696927
1430 -79.2184216059571 -58.35757943586401 -276.758545191915
1431 -78.55447131521149 -58.369399112241865 -276.8178292933497
1432 -78.2200039077466 -56.66529387973986 -277.2000614049444
1433 -75.64570202161053 -56.41608369825764 -275.9624210244737
1434 -77.10220977097245 -57.15278773955494 -275.6330846306686
1435 -76.38941208699678 -57.29462626919907 -274.2808065064874
1436 -75.54094369833541 -57.80232096326982 -273.05106939051313
1437 -75.66638721143967 -58.42001809156466 -271.5268876108784
1438 -74.76232163365297 -59.50863985417364 -271.83045530904053
1439 -73.24795358161083 -58.90267893775729 -272.6073544271052
1440 -72.55265781947347 -60.56488066593863 -272.9132610662496
1441 -71.62324681639298 -62.40886396913041 -273.1734864506511
1442 -71.78936286688045 -67.40722956088734 -277.5073364034865
1443 -70.84054713653735 -69.8687569740449 -279.46775296641334
1444 -74.08672033840917 -74.70102370571028 -279.8950591598922
1445 -75.91995571589497 -75.20884726723575 -285.68950616930124
1446 -79.1314545542628 -80.9238145050673 -287.886519522796
1447 -81.39892061317455 -84.10101253501087 -289.447397504867
1448 -87.96358316121054 -85.11761528093224 -290.2804688152003
1449 -92.16973233995603 -88.98447507785623 -288.7752890958265
1450 -97.6447377150539 -90.65818525184984 -288.9564495342275
1451 -98.89004421105469 -89.85698110256472 -290.7053443202463
1452 -99.13763991095021 -90.93160131208852 -292.27313699578434
1453 -101.1572060839514 -92.04643344667478 -293.2125333674675
1454 -105.05853043030838 -93.53071551070438 -293.7343782558329
1455 -105.86030028235646 -97.20450353363238 -295.93903651090807
1456 -107.06887974616342 -95.71920295046611 -296.14574483672317
1457 -105.55608399499678 -97.96075495839243 -295.99109644351927
1458 -103.58327263422922 -95.2384270687373 -293.7028449219551
1459 -100.18763242432857 -94.74960761142094 -294.576472157559
1460 -101.26951154513888 -94.21377107353672 -294.2715153505635
1461 -105.07167286415023 -96.79358331748861 -294.0396691448435
1462 -106.92531654960695 -96.07860562870314 -298.0360303241259
1522 -132.21783326771367 -95.02995210687685 -281.7417685947398
1523 -132.1941302822573 -94.64843467829225 -281.71828166436586
1524 -132.68610629867774 -91.591923960921 -278.4408703510965
1525 -131.84621217427144 -93.84069361837754 -277.85736581272243
1526 -133.48380644230497 -93.66730062519221 -275.56637393771587
1527 -134.9438729828545 -93.64978512062088 -274.9204631156535
1528 -134.5482248029922 -93.08034877091202 -273.314160475141
1529 -133.0114757679748 -93.11534050667767 -274.1143507084866
1530 -133.45388038078391 -92.57020391996973 -270.1908535337474
1531 -133.4207970918454 -90.43636408274311 -270.666267637401
1532 -132.57974742709962 -91.87745134513038 -268.98620366261264
1533 -131.13905680139413 -91.16059847711257 -267.9984829065034
1534 -130.79871728735344 -92.88554154891546 -265.70699138909424
1535 -129.55195411307238 -92.72924876967029 -266.2520518570241
1536 -124.62914939766677 -92.20277190201206 -266.8121206327103
1537 -126.47981163151358 -91.85255829915246 -264.02933740703986
1538 -125.09717722897489 -93.53564788570313 -263.8792301169899
1539 -123.49914476933426 -95.36243477047837 -267.74944053286316
1540 -120.53831410489536 -95.13190219042015 -267.13969721751437
1541 -118.13439691361171 -95.06461711299787 -266.34104965865197
1542 -118.52273615137854 -94.97639848766082 -264.54032517797367
1543 -114.29923321838751 -97.33081222026422 -266.87628925043657
1544 -110.27337089696935 -96.43600084376133 -264.83317655710715
1545 -110.5076116873047 -98.32429242773708 -264.15683465709117
1546 -107.12480539346717 -96.42564165447969 -265.9233632328105
1547 -106.08873266219229 -99.82764203042974 -264.7601436848633
1548 -103.18861084492758 -97.6843184604639 -264.7072282335623
1549 -99.18217603834516 -96.03884521568489 -266.7377384644316
1550 -94.66493114293758 -97.97211826448954 -267.6093160435739
1551 -93.57617217423868 -97.87020223188625 -266.17887638897304
1552 -90.65791622061207 -97.75110463171623 -265.46818978324103
1553 -90.70081757191214 -95.77315381609783 -264.48792021532097
1554 -89.2535399901372 -97.52614803422891 -262.6914725174168
1555 -88.39163931613069 -97.19389237065359 -261.415003165625
1556 -87.63094802855814 -95.99696662230708 -255.76891536314514
1557 -83.96740129798319 -96.43444582743274 -258.1786600354134
1558 -83.31539446724429 -96.44912789939116 -258.315750200867
1559 -82.82324491581609 -96.4455265378249 -258.3757056007095
1560 -81.86333428052983 -97.12293300148977 -260.22170722134956
1561 -83.19976074898855 -97.51065394270915 -260.07995391483166
1562 -80.97452693492063 -99.00873525331014 -259.7481741025301
1563 -80.4867755035163 -99.03553918264099 -259.8936472422227
1564 -78.63691990056492 -97.470273891675 -261.16232816273646
1565 -79.63128970294423 -97.512351082073 -261.14145138035724
1566 -78.39106300668834 -98.03836711963507 -262.7197791711235
1567 -78.07430979912722 -98.40295688450334 -262.7922758171475
1568 -76.82166680431278 -98.5090320798102 -263.0262428390213
1569 -76.57947321891882 -98.71505865021192 -263.0919867882034
1570 -76.25040416734609 -98.72145244902899 -263.1574651580781
1571 -75.09629823245821 -99.02098588822915 -263.49173180736375
1572 -74.4284776528354 -97.84852970083769 -265.8911268779638
1573 -72.78149661264209 -97.23643217161117 -264.84858621306364
1574 -71.68635904113427 -97.35276001614173 -265.07868564012614
1575 -70.8083339595801 -98.00164443518182 -266.8437336395008
1576 -71.4042626135259 -97.91839165075177 -266.6484808062912
1577 -72.50192396065825 -98.48485248659875 -267.94971354240994
1578 -72.32014117230001 -96.17111037367805 -267.15346242629914
1579 -72.9879556534139 -97.71476159985934 -266.3684378482973
1580 -70.83773079532722 -98.40437006293416 -268.48867896513383
1581 -69.7551641119588 -98.29939498254448 -268.76845412618815
1582 -70.31491407796238 -98.01329566348852 -267.0652017773542
1583 -70.08534816389322 -97.78893626255473 -267.14117273651
1584 -71.43451494360146 -98.31266316083531 -268.39724181537485
1585 -73.03659290376478 -96.66022506041044 -268.56620425024596
1586 -71.35318177406965 -98.11179254396252 -268.4306051551382
1587 -72.19831407283525 -98.18241573750491 -268.178684563883
1588 -72.32742120370452 -95.17726709465593 -271.0330650314607
1589 -70.74001065252914 -96.64079524791418 -270.5017023827702
1590 -69.0324002272101 -98.05674182007047 -269.10199218989584
1591 -70.05345862734683 -98.14085096825409 -268.8741586913657
1592 -68.30703228213001 -96.02506050281394 -269.7201779039379
1593 -69.04984148919914 -94.94442269339547 -271.71579339877155
1594 -69.08140890768601 -94.56320784785885 -270.50029216267814
1595 -69.50609395085132 -96.28188372055128 -269.71757891459924
1596 -70.3662898253441 -96.35361384830156 -269.46880516902775
1597 -72.17033799977249 -98.1309320569313 -268.34797016424756
1598 -71.89276457825281 -97.84486811055072 -268.22710763076486
1599 -73.03259278779052 -98.6335648493899 -269.4481914181449
1600 -74.17791689627498 -98.28832464656224 -267.8630452860591
1601 -74.34726245843996 -98.30145958195135 -267.87846505049606
1602 -73.96159927068038 -96.36787880227965 -268.71035215787083
1603 -72.78173506612967 -95.8232443716199 -267.21999061917876
1604 -71.42390195755658 -95.38907598132313 -266.1166286732521
1605 -74.16688116460415 -95.12428121039824 -264.213783483978
1606 -74.83396643575271 -93.01458697094216 -259.6192713811221
1607 -73.6456758283984 -86.98298228558707 -250.83456743775974
1608 -78.14071987904858 -89.49380014354574 -264.77968886886066
1609 -80.23206418929738 -89.51550814776166 -264.28439158412397
1610 -83.44553494076311 -89.1540214160554 -261.973725722109
1611 -85.94130401777423 -88.99619466465691 -261.48119817245777
1612 -88.9730774119742 -88.56425996283504 -260.72064354602696
1613 -92.44929646497633 -88.29574966471334 -259.8367004729243
1614 -96.04563413721428 -87.89126304299184 -258.9262739773092
1615 -98.32328511767037 -85.50882500340069 -257.4807079035971
1616 -101.16884012461728 -85.7679295483206 -258.40730613114175
1617 -116.7683461593092 -99.15311243291082 -286.56923810731473
1618 -117.74725472163624 -100.21949393331083 -284.26547706524
1619 -120.89318164639317 -99.80564185168582 -281.78028746320666
1620 -125.3299952080144 -99.92961582841616 -280.5735496386143
1621 -126.28193401760309 -99.89240690007985 -280.9627292515413
1622 -129.60200064646193 -100.61424234149763 -282.07869354860986
1623 -137.48701706281435 -151.9726910899274 -391.1074931377934
1624 -136.6083308969951 -101.65721591447556 -278.333672289769
1625 -134.27872867955227 -99.97645215437255 -280.6634848079692
1626 -136.7884417078634 -99.62135304343296 -284.16980950780237
1627 -135.68103643543267 -100.16324449662594 -284.7171345987124
1628 -136.79198779298622 -100.9406804598414 -286.8285583121943
1629 -138.3441447801364 -100.53274283166594 -286.5333039243526
1630 -139.9308376576827 -102.82634581581368 -287.4303889413643
1631 -139.26210740842077 -102.22805660714494 -288.2172087598642
1632 -139.32670264334837 -102.04011314289734 -288.3647209327022
1633 -140.68574124757225 -101.18944562406409 -286.09156948583137
1634 -140.4917812924529 -100.8299409417399 -286.3604132627462
1635 -144.12790051043103 -98.56387940417827 -285.5359027549291
1636 -144.30098182089577 -100.03992677871003 -284.9851916996285
1637 -146.2347668465728 -100.37146282682605 -286.07413520792653
1638 -147.28416849721756 -102.22988383040006 -284.98852692678736
1639 -144.83366495854037 -99.94572245541686 -287.16017862272724
1640 -144.1710827168894 -98.58841341548016 -290.08218448179935
1641 -146.06787311638226 -97.82242371104925 -287.25492145644864
1642 -146.97236514631535 -98.18507625751369 -288.7990733965224
1643 -145.4164562607732 -99.92871338240492 -288.68442185629783
1644 -144.574974488893 -99.30470862198135 -289.261508084235
1645 -146.66237373906802 -97.39142482728833 -289.31033974265836
1646 -144.70306981769738 -97.39338048963812 -290.4049031141795
1647 -146.46358625138924 -97.99756847106806 -291.3375595883409
1648 -146.46358625138924 -97.99756847106806 -291.3375595883409
1649 -146.8197990282705 -97.99126751762486 -291.27636189704594
1650 -147.48521611163414 -99.88237223196487 -290.2961998411469
1651 -147.1126698308905 -97.76492759893124 -291.3211467715034
1652 -144.73031648661345 -97.34629193701744 -292.31267332084434
1653 -142.62383278005876 -97.35229512064403 -293.38644890026876
1654 -142.98106990329143 -97.34551344453249 -293.33128171106216
1655 -144.41198002480866 -97.41200025879476 -292.67593567833984
1656 -145.59006631247493 -96.97232442516585 -292.17921776872845
1657 -142.71632578913812 -97.20795987371598 -293.5897455197275
1658 -142.89961938050016 -97.20592106240578 -293.55079070338275
1659 -143.0736031448904 -97.20174780200075 -293.5354294855948
1660 -143.43090162075725 -97.1955487521784 -293.481142138866
1661 -139.3794603770012 -96.22220382609918 -293.58637329455684
1662 -141.6914503351687 -96.24223691391971 -292.5384599203452
1663 -142.60555342652037 -96.98730788100202 -294.1451962085916
1664 -143.80601416125248 -97.22659374057997 -293.4810010398239
1665 -139.15142686453888 -96.47276290460722 -293.8720567181241
1666 -141.70740303502367 -96.9415863647647 -294.78816797341597
1667 -141.70740303502367 -96.9415863647647 -294.78816797341597
1668 -138.4947121456828 -98.95783127305191 -295.7191227328897
1669 -139.87016603813515 -99.19235739412866 -295.0596168218725
1670 -138.45015710771176 -100.06704732797934 -293.3074397576248
1671 -137.34264412743477 -100.00499492710603 -293.878008082399
1672 -139.16213451658206 -98.22607023277854 -293.6747981568986
1673 -136.96075103488315 -98.22975041556676 -294.7666417096241
1674 -134.9470009386338 -98.22474363510358 -295.7111060727865
1675 -138.36428895119957 -98.56142105785571 -296.0084629794834
1676 -136.1372777289597 -98.56481058830458 -297.097814254945
1677 -135.4363672436549 -98.63828661168996 -297.4096286200045
1678 -135.4363672436549 -98.63828661168996 -297.4096286200045
1679 -136.78513735238735 -97.59195744819066 -295.0433434045753
1680 -136.15155390392337 -98.60175668538452 -297.15442804909736
1681 -133.60931833963792 -97.83517555968807 -296.4243184955138
1682 -133.60931833963792 -97.83517555968807 -296.4243184955138
1683 -133.78251636681898 -97.82966335922856 -296.41374173900647
1684 -133.78251636681898 -97.82966335922856 -296.41374173900647
1685 -133.26119105134725 -99.90771557253946 -295.62076286275504
1686 -134.23149650652633 -99.68222038950567 -295.3121471008687
1687 -132.72153022888378 -100.44547930467266 -297.9184209740041
1688 -132.2621084380881 -100.05858157366718 -296.2738528665985
1689 -132.2621084380881 -100.05858157366718 -296.2738528665985
1690 -132.2621084380881 -100.05858157366718 -296.2738528665985
1691 -131.28263279816684 -100.30566912606649 -296.6732921741851
1692 -132.68672798009445 -101.02272898873711 -297.9604610963207
1693 -131.27588853049363 -100.7942437256655 -298.6245367510507
1694 -132.60217386985695 -100.87557364701085 -298.01046047723526
1695 -132.87412109025752 -99.00979373344906 -298.5146246280583
1696 -133.19303769246238 -99.77983286825172 -300.22697820293206
1697 -132.7297860041032 -99.39798558433058 -298.5685604996901
1698 -133.23458628211924 -100.167866990476 -300.25341465601326
1699 -130.82289523778002 -100.5646229632211 -301.34602406773206
1700 -130.9551616371835 -101.34826303036463 -303.08072953407736
1701 -130.327486843974 -100.96568019783142 -301.41408192356425
1702 -130.1409844491629 -100.96743665551097 -301.4408826968564
1703 -129.76869269022538 -101.55890309526198 -303.1447938673736
1704 -129.58160628062552 -101.56078382167381 -303.17154595578484
1705 -128.95930017312105 -101.17661750590936 -301.50209212261353
1706 -127.74081486172187 -103.7849426883348 -303.2170413041339
1707 -127.27390756368898 -103.88009818362225 -303.6403015707912
1708 -129.740278008388 -102.11987510237348 -303.19324935517994
1709 -128.06650648923 -101.9031489313727 -303.9703465758799
1710 -128.06650648923 -101.9031489313727 -303.9703465758799
1711 -128.95407264151348 -101.20206906649078 -301.6602116461298
1712 -128.10932964023965 -101.92334493442759 -303.9089759316249
1713 -128.28515778733333 -101.91773500603554 -303.90258213036606
1714 -125.28191279413983 -99.80338145202938 -305.7790991383612
1715 -125.9138609106705 -99.25659775697333 -303.233287766469
1716 -126.36222049101772 -101.93430036968354 -304.2041663459718
1717 -125.87014494861751 -101.53267744922408 -302.6440715630852
1718 -124.82371225153113 -101.94421329418591 -302.76466598024587
1719 -123.60055875136209 -102.36044874132452 -302.88891495542214
1720 -122.21296117148025 -102.15810418214657 -302.66637663058407
1721 -120.41271052758137 -102.20091698228995 -302.803238251596
1722 -119.27797409454416 -101.10596321689474 -305.3418027429011
1723 -115.28212780658339 -100.51678603888362 -306.2138700663783
1724 -111.88667268305505 -102.91875550758266 -305.78379121783223
1725 -105.35464402108875 -103.59491462757647 -308.30821031184234
1726 -100.53214686038305 -105.91939881643711 -316.27750092855746
1727 -98.19365350739447 -107.69721466120424 -319.47923856717784
1728 -94.20454367810245 -107.6657594896955 -325.7439256844099
1729 -90.96720083486417 -111.13438005254095 -328.9098667769277
1730 -91.89062310604413 -109.58204386000406 -331.07472364820245
1731 -88.8842740124653 -111.69841969108795 -330.9618012536695
1732 -88.62705956599092 -106.26679470695102 -330.0847991207097
1733 -86.71938572880154 -108.61789181663733 -324.975906940064
1734 -89.24380358910054 -104.5083002350071 -321.2825024845371
1735 -90.96524918607275 -102.69525816411969 -315.0794749537991
1736 -94.18299813896007 -103.51896285532617 -309.73903860478487
1737 -96.97098778039236 -98.62049961156339 -306.6558072197382
1738 -97.22715549403925 -99.31744841427705 -298.3105664163852
1739 -79.35016786007763 -77.55348096396915 -210.32270254399907
1740 -95.68738287765686 -98.58053201903806 -295.22574048395967
1741 -94.09628683366319 -98.61774607442985 -295.47117602610984
1742 -94.31557512436824 -96.46519171586374 -295.96512729501853
