123 -71.99897901554107 122.112735852506 -319.67089692723226
124 -72.84066292457463 121.19132800162281 -317.49471611676404
125 -73.56602523848517 120.38935012987562 -315.88877801139694
126 -73.90886316581813 120.77125094249868 -315.8165605952546
127 -76.90330837200509 120.34056577861969 -313.37572901500386
128 -75.84834012986977 119.88082007207359 -311.985284451555
129 -76.4055072561648 119.78924830136049 -310.2244306608323
130 -75.67421667262902 119.83864469645125 -308.7220409748464
131 -78.72368632108329 121.71739000399816 -305.56532490378834
132 -76.55511043194015 119.75339840081463 -305.24531870827064
133 -75.83265669665388 119.25612386729125 -303.85435406284853
134 -75.91550437873568 119.21067644479776 -302.1668435811578
135 -74.77058451224491 119.67142475917905 -302.4026552482741
136 -73.96828874550302 119.21949207535417 -300.7849829574641
137 -70.67631076075688 117.91168323216971 -303.95912334180997
138 -68.59740593788202 117.39113860248199 -302.65847439233335
139 -68.10156387940661 119.62774053665478 -302.1977285121154
140 -66.12850618452475 120.90265441038284 -299.8762201023387
141 -65.8137244130775 122.0514381226539 -301.4805751322679
142 -62.68425711407748 122.03131475126484 -302.09589350130364
143 -60.53433388924752 119.46196534096953 -301.6005945601926
144 -60.18220026879544 119.45320352051054 -301.6186905953994
145 -57.07990426252941 119.81396546535737 -302.14604774372833
146 -56.864825836060675 119.82999842325566 -302.4164695424109
147 -56.659737638776264 122.41751896722909 -303.3375582449039
148 -54.148287383945856 121.83909649964781 -301.84728949363074
149 -52.79713644351441 122.23320961500828 -302.05383732623653
150 -52.79713644351441 122.23320961500828 -302.05383732623653
151 -52.53424282318601 117.91446265320292 -301.9876746415553
152 -52.87646732271837 118.71144965050641 -303.61910231039457
153 -52.715495693278356 118.29502674342444 -301.98404859530444
154 -50.309804192934976 120.1272596991657 -301.65864918073316
155 -50.74574009735832 122.13162245498512 -300.91239026690556
156 -50.74574009735832 122.13162245498512 -300.91239026690556
157 -47.94121609153487 122.49909769031488 -301.34250268371125
158 -48.17889892775847 120.4769535188486 -302.12074901439007
159 -48.36186881851488 120.49121978716241 -302.13875421317476
160 -48.530818768059554 120.48616833027899 -302.1155089425689
161 -46.18207626912738 120.0725566695065 -300.8735994031004
162 -45.99804802919441 121.8369061817234 -300.1917282688291
163 -47.74667298251315 118.86707996019351 -302.70847475163725
164 -44.868539209948906 120.2290279782244 -300.7927572273978
165 -45.21952539611493 120.23888818736005 -300.79164734661055
166 -45.40183452041464 120.25378907590992 -300.8123963361104
167 -45.79415851810141 122.08389830284719 -300.01636316216553
168 -45.97652867402926 122.09899244430048 -300.0371640354331
169 -45.92155408841533 120.25864728575863 -300.7895078155433
170 -45.92155408841533 120.25864728575863 -300.7895078155433
171 -47.24924155121321 120.22872588680457 -300.59577846883224
172 -47.449886125308325 122.06358758401169 -299.82369533048615
173 -46.82055013077899 122.35084166295259 -300.14347646591153
174 -46.82055013077899 122.35084166295259 -300.14347646591153
175 -44.39127092589785 122.34771764236109 -300.5009504418882
176 -45.74411615554449 122.31817994250976 -300.3100212378691
177 -46.78127333528834 118.65980861169791 -301.6136906802528
178 -43.98008364853349 118.66097460544063 -302.0295256601233
179 -43.98008364853349 118.66097460544063 -302.0295256601233
180 -45.1257346380474 120.71972186867737 -301.04306311199036
181 -45.1257346380474 120.71972186867737 -301.04306311199036
182 -45.21058534799632 120.67978439472921 -300.7016862955994
183 -45.21058534799632 120.67978439472921 -300.7016862955994
184 -45.21058534799632 120.67978439472921 -300.7016862955994
185 -45.09454337754294 119.89117535707248 -299.1072092346301
186 -44.926396773176656 119.89614872090769 -299.1288210214092
187 -45.041875092348775 120.68479488802674 -300.7234105501417
188 -43.977687356371256 120.65290790433076 -300.8811745876411
189 -42.101175887512014 120.85780165925564 -301.4039622007076
190 -39.25383105496359 120.85885444680058 -301.78277214587285
191 -39.57394185257824 122.69481220079076 -300.9990925235386
192 -39.48652211914533 121.89640531375414 -299.4075781449694
193 -40.655244842336685 121.85287786159307 -299.2150252931584
194 -40.36148478356276 120.02692101819369 -299.99182141266226
195 -40.655244842336685 121.85287786159307 -299.2150252931584
196 -40.749542460898454 122.65126661213526 -300.8059382322315
197 -41.6061174636835 120.89401393081968 -301.3994679381496
198 -41.6061174636835 120.89401393081968 -301.3994679381496
199 -41.33920875540392 120.11006131401103 -299.8236987238487
200 -42.72116204579802 120.94310035053199 -301.22218632966525
201 -42.78263519464058 120.51334154521987 -299.5829433556537
202 -43.75609611907064 120.43864988342997 -299.4706862035434
203 -43.924370069559735 120.43381630591142 -299.44967009201343
204 -41.744466282525195 122.25686882373029 -299.0100358467214
205 -41.4349646280976 122.30651136656516 -299.02795021684375
206 -41.15784665712697 120.48090948306962 -299.80633104716026
207 -42.66265504581021 118.75264422219352 -300.28513346810547
208 -44.01774940557118 120.51864349446595 -299.3846160623501
209 -43.895990639506934 122.51342106722744 -298.5917910650914
210 -44.07769084025419 122.52851055166765 -298.6126856252672
211 -44.07769084025419 122.52851055166765 -298.6126856252672
212 -43.95162344259835 122.55847217743298 -298.55277965481713
213 -42.90081926726818 122.59278292973471 -298.4496948616188
214 -42.90081926726818 122.59278292973471 -298.4496948616188
215 -43.0099811970177 123.02929228994377 -300.0654148458876
216 -43.0099811970177 123.02929228994377 -300.0654148458876
217 -42.90325668440147 122.2292361042521 -298.47590744974343
218 -43.01239281556785 122.66452121458397 -300.0912159691388
219 -44.109576369294984 122.74125291195514 -299.9005146852618
220 -45.55496822775823 122.30887988304406 -299.7932735820629
221 -46.867798580103006 120.53990335645405 -300.30818596447585
222 -47.42733122082126 122.79783018070302 -301.1829829470139
223 -47.834312770819814 121.4193577432137 -303.5631369349695
224 -51.401583410038896 120.71827555708037 -301.30352785177257
225 -51.55866200944975 120.77915737895009 -302.9574214071014
226 -51.71277423362986 121.20917267520545 -304.60051885791586
227 -57.07800771150482 120.86243725167743 -303.71004669983085
228 -58.73937662355233 120.85393333208765 -305.1829910200556
229 -60.79875536324331 121.25976307560705 -306.5468520163225
230 -63.769266040646514 121.46583600664438 -307.6728457840501
231 -66.23728449131018 119.18681336306405 -308.11781728287707
232 -66.4350027220751 120.15172310750228 -307.3026479076452
233 -70.94920627069797 121.28870567527554 -305.28089164365736
234 -71.5045077282275 120.19784709571012 -305.29600780244493
235 -74.14480113376796 118.33176757418863 -307.1357327040038
236 -76.2293628073312 117.06693081802143 -305.26735399865595
237 -76.22766772926784 116.7261390480447 -306.77614547020465
238 -81.88758053109922 116.41559365793105 -307.1383373126264
239 -81.17613905638959 116.75462611413627 -304.8050187416985
240 -81.85269046553242 118.51012891838283 -305.5634472528837
241 -81.69982066433602 113.80164890498614 -306.99677461285665
242 -81.16693398088225 112.25403540473245 -306.9982866564259
243 -84.06914122720154 111.14484034711977 -307.92791491115264
244 -86.1812323615475 111.17247233336481 -306.5919242565629
245 -84.24999134383626 108.67742322743601 -305.26370353836387
246 -83.17289380769556 106.86387158322673 -305.4281890473717
247 -84.02458233692838 104.45137600998783 -309.0771959872007
248 -84.58858573992592 102.72699225473322 -308.680333156256
249 -88.47733440214053 102.82201650139395 -308.46403257065293
250 -86.46353542879052 103.47689891298234 -311.9153427417361
251 -87.16342116424791 101.98396397146466 -312.9701111119857
252 -87.47135040580827 96.55621317042568 -315.5630887692953
253 -86.59836957403562 97.08406736933131 -316.62574926906314
254 -88.82611085298385 95.97617209347014 -317.4060209489194
255 -89.73537817199913 95.13177236769839 -318.6098450535847
256 -90.10530815928371 94.16525969539238 -320.2846493040385
257 -87.70458637687818 92.59187993713532 -320.3680171569771
258 -86.0784807884213 91.53303862667967 -322.5643966744744
259 -84.80509537281 90.94901156976408 -324.04178271870364
260 -85.00943552325643 92.2764476580337 -325.20194123758216
261 -80.58395339181273 89.4181121219299 -328.02817193624406
262 -80.60490508031177 88.37851758081611 -327.9740998080496
263 -79.55106650897179 90.67980945463786 -330.9989797284715
264 -79.58738963569287 87.90849208559773 -330.9867679851627
265 -78.60719254006602 89.57986507775323 -330.6168559619135
266 -77.96977630490996 88.92250509819365 -330.508407078368
267 -74.0485356780621 86.8437425108224 -333.31270022187437
268 -74.45085491184344 88.86908823957098 -332.74429945962197
269 -73.98377072852418 88.61666724577262 -332.73486730298606
270 -70.76384876123842 88.46013739503624 -332.9159436670844
271 -70.1477442489381 88.20681134593157 -332.93352389520567
272 -66.71970859707554 90.24278469156945 -332.8522735984655
273 -67.43715338639257 88.77389307645952 -335.3736372672944
274 -67.65087455907843 88.86986933643584 -335.10873757513264
275 -65.86656713727893 88.67671011025867 -335.38016636032796
276 -65.86540550701514 90.91781476565104 -336.19203975383584
277 -63.17397678609868 90.8880609035921 -336.5185533549412
278 -64.56415296759515 91.14396178965329 -338.25332187054266
279 -64.4715131288009 91.11927757905443 -338.088229237483
280 -60.15297490521099 93.53505466858425 -339.94404482396857
281 -61.49378453214365 91.18120346497214 -340.20555864467724
282 -61.90015776797388 93.6546682947213 -341.25551442805425
283 -57.72683309917468 94.04301057938272 -343.6106676291888
284 -58.71226471964327 92.21635148445287 -343.76449268303264
285 -60.03390358122328 94.48709570468361 -344.73063582678344
286 -61.32953516605417 94.45140289332728 -344.3127457160948
287 -57.4765210342468 94.41563002469674 -344.77274094267244
288 -56.05832701187647 98.45462924936216 -343.7332027460267
289 -52.437924239722435 94.14985949862255 -345.24326597828644
290 -52.40248374259657 94.98348376067335 -346.99909630975674
291 -55.43248705988691 96.80568979901295 -346.1099690971004
292 -55.228927376507954 96.46122051041463 -344.0836407506256
293 -55.124447923631976 96.88222320191525 -345.9706416825351
294 -55.32566988757503 96.3881450824619 -343.89713928045956
295 -54.72926171579435 96.90487257221315 -345.76818411955634
296 -53.329411211126754 96.8617452751576 -345.9989302984233
297 -51.50080575794455 98.77853180584206 -345.47502450022023
298 -51.50080575794455 98.77853180584206 -345.47502450022023
299 -52.06789755349176 97.0633440106876 -347.7833784042395
300 -51.75790052587297 98.43841616657063 -345.2787577232134
301 -51.733859730788076 96.4074141490101 -345.8549418955453
302 -54.16974528462846 98.67225888524766 -344.79890212047144
303 -53.97278868681741 99.05458922543187 -346.62724361627386
304 -54.109279741922876 97.07644909029501 -347.1651890096359
305 -52.366265525602564 97.13822763846545 -347.362402818308
306 -52.20834563889541 99.11595714899468 -346.8270687383513
307 -52.03092450233775 99.07979601669322 -346.8153156198023
308 -52.44233845266024 96.6975219242786 -347.42521011443733
309 -52.27816952586876 96.31145398729706 -345.6028869494161
310 -52.62287455121415 96.16195493798888 -345.566513080511
311 -52.62287455121415 96.16195493798888 -345.566513080511
312 -54.98819451166294 99.10688726511609 -346.5714087265816
313 -54.99899544399544 98.59792643663224 -344.6980943489998
314 -55.34545101249532 98.44850388281706 -344.65962157143736
315 -55.069231726127256 96.10933832670861 -345.3633686565562
316 -54.89629485813832 96.11135347939131 -345.3928114309831
317 -55.254010528402524 96.37736808713629 -345.46612774787116
318 -55.19919633952794 98.41111955883888 -344.90107052694214
319 -54.964696312987726 97.95258880306618 -343.1152863861422
320 -56.35545108063781 96.5562929437594 -345.46543764449365
321 -58.133991453897075 96.44605746841187 -345.1757899339519
322 -55.5290636628147 96.07321449699766 -343.79909999101767
323 -55.71548251751605 96.8740737526232 -345.7252548912746
324 -52.281684370658525 96.87589303340987 -346.2570040037438
325 -52.316093991394254 98.26830799462867 -343.5950655469253
326 -54.04495445697706 95.97047072469408 -344.3143083217886
327 -55.31159819189576 96.45798442063146 -344.20366087744094
328 -56.94077874701811 96.31689516305725 -343.66594888408537
329 -57.07784977540731 95.91808311546917 -342.14930315468615
330 -57.115945969301265 96.47389924742784 -344.15803255209164
331 -54.62827535579789 95.90277488349096 -342.45357506755033
332 -54.92031215979102 95.70754509118845 -342.49131558769415
333 -56.55612557352362 96.2115386261439 -342.3613280432553
334 -57.00124014346072 96.27089279648148 -342.51884023125007
335 -58.46461706569055 96.00580755048789 -340.6006235735649
336 -60.5141437488819 94.16979998462564 -341.0880114849016
337 -60.98732135729094 96.42749134472922 -338.9026598541379
338 -63.950707761334655 94.9573241623212 -338.9506250989659
339 -67.61633941070147 95.35724254644168 -337.02486559806556
340 -69.8986860788902 98.73490812150548 -336.5370993
341 -68.87021745008134 99.51072648020578 -334.9983079400474
342 -69.75672686670096 98.42702326231915 -334.1940503391665
343 -70.71733245245754 101.64191753494673 -332.3330299087162
344 -76.24134637740646 102.73264829477309 -329.4571954777056
345 -77.09307768593631 101.62605044318859 -330.30956101716953
346 -80.07478962069868 104.3729465585608 -327.46139425990896
347 -83.45194645921761 103.08211001677196 -327.46303055921766
348 -84.35884754184893 105.34565100010231 -326.45003391832824
349 -86.04569879023256 103.96272131866552 -327.206455240305
350 -84.95142750844404 103.68586901574054 -325.5508748788884
351 -87.18753109827892 104.42884423879642 -325.4072968460498
352 -86.2977341616745 104.83825826972144 -325.64688363542047
353 -88.21719074209032 105.22104853279967 -323.73446538038
354 -90.86192268793064 105.76976479355181 -322.9553905363697
355 -91.69122245011974 106.18597257304512 -321.29998015235776
356 -89.38663005008569 104.57527306466561 -320.8373945619434
357 -91.05823179280783 107.5991871412583 -318.23408677794026
358 -92.62841610597583 111.0359440401049 -315.94076776598774
359 -93.61366653808203 109.12631389989045 -317.1493314310175
360 -94.331827467093 111.08922158102597 -313.96099314542147
361 -99.90705871876037 115.75511568595003 -309.82766047386514
362 -99.49503562423484 118.60692117497587 -306.6016597129783
363 -98.58861361316858 120.17596458373788 -306.12612376410596
364 -96.37681626761255 125.1989282182781 -304.38679899144313
365 -95.6900552953366 126.1055291584338 -303.65394291665393
366 -97.90382674758263 128.85266048122048 -302.88284262651007
367 -96.94785690141237 131.53254436010306 -303.16544409805005
368 -93.55926899921795 135.11523188669517 -301.2277009279933
369 -99.51740789328119 133.8851656580427 -301.1679456691252
370 -99.17233341139226 138.57729063597446 -300.1942489794024
371 -97.92024907544557 139.6507503758975 -303.1579657877508
372 -96.33271916808656 143.94644022199984 -302.20543736594533
373 -101.28891478274869 143.01080913539425 -299.56074049308637
374 -98.99679121017093 146.00843010934528 -299.31963834367417
375 -101.04286388830604 145.06138929076718 -299.91385524481274
376 -103.71718380681926 147.99881084472574 -300.0312971667047
377 -102.03639215723152 148.78045207547856 -300.59706288852453
378 -105.47049495955264 148.00202294443818 -302.2044669904596
379 -109.8195143693512 148.23315551916414 -300.43094132989665
380 -112.80333478157688 148.9293937518457 -301.3149152205084
381 -112.1514087822597 145.29566025510485 -303.82306222246825
382 -112.15653478671648 149.25744163334917 -301.95211528210456
383 -111.66678565461197 147.38316032566786 -303.108929065585
384 -110.72191467448543 149.8377731680168 -304.2289905380156
385 -110.2676199818628 148.05574743762017 -305.68558206709116
386 -112.56437044703716 150.0333147778312 -304.0102537629238
387 -113.14873605998241 148.04627439325466 -304.821138491111
388 -111.91457677197992 148.57802769394002 -304.87587967217763
389 -117.36314235418055 151.09233066848083 -302.05582113601554
390 -117.86869737914947 148.3280568914284 -305.6296606881152
391 -116.59602465644645 148.85595943379576 -306.0235525962869
392 -115.42648636214265 150.95985597066726 -303.46646125143303
393 -116.8017591665452 151.8398688981971 -302.76031148382026
394 -116.58784336807906 151.38221348702774 -305.5799810322716
395 -116.49294029403376 151.8746983070196 -305.2098771265507
396 -115.20690798588299 156.22901792729837 -303.9364981019166
397 -114.61342318835344 152.9949684487306 -305.6589480112852
398 -116.33315118198686 154.70903287079295 -306.9725426937946
399 -115.4726346990226 154.87814945043527 -305.1183109634021
400 -114.88672620335218 155.5714463931472 -305.0640487155201
401 -112.70320340047115 157.0231269715539 -307.5649346826678
402 -112.94970926148041 159.85296501032488 -306.15829611565925
403 -112.11577650087105 158.84196380709747 -307.2682521680394
404 -111.77088956043912 159.42398616063986 -307.13672921369215
405 -110.85580819688683 162.12552664351242 -306.15939273432303
406 -106.01863474590535 161.48996430713126 -310.17473469852035
407 -106.0126492712335 162.75050095331923 -312.1590809216794
408 -106.6497525937937 161.33775705206764 -312.78070728961205
409 -105.17483350913929 161.63798011046043 -312.85063507573426
410 -103.3388686870536 164.05533083925272 -312.2883185988487
411 -103.2287654371973 165.485233214409 -314.23377635506546
412 -101.72969905734442 165.6742697645215 -314.263896092048
413 -102.04433983625782 163.815889237737 -315.2092093613203
414 -101.4888386610182 164.26732704182638 -315.4708865087427
415 -99.8621485426103 166.40196807496403 -314.5787120513325
416 -96.67425351402373 165.78948724129935 -313.5644149580247
417 -98.136783394432 166.6191150767521 -315.0038168010705
418 -98.99043576343482 164.05245894229503 -314.07191021167523
419 -96.79604314097166 164.7477919327318 -316.278978099647
420 -96.02734724707992 164.14575480653775 -314.51776564656393
421 -96.03908587949778 165.117205787052 -316.26316114440596
422 -94.01412793539096 164.4481110220816 -314.9148103971018
423 -93.8921936490544 166.36448463809606 -313.8792959963548
424 -92.00373471530807 166.46254847852555 -314.25857722799196
425 -89.7226066103191 165.8921737283301 -312.86779341189845
426 -89.17121857838738 165.9088271106885 -312.95467163024045
427 -88.23180940163829 165.90388704399143 -313.040884072304
428 -87.48653072458826 165.9097899570036 -313.12750321839525
429 -87.29013253894942 166.53936957976103 -315.0109854575013
430 -86.1968488139915 165.57185279275336 -313.4105857122089
431 -84.93597226100614 161.72672578562847 -315.3942078225413
432 -81.78315231056047 162.3266076306117 -317.9991207096352
433 -84.39758253757361 161.43014308651343 -315.80829318056277
434 -84.02498151594413 161.43416047260112 -315.8503601815284
435 -83.20624042499671 163.06348773989006 -315.09691401832134
436 -82.83364925295177 163.0675627451928 -315.13854511120064
437 -80.08257579816424 164.23191954960674 -312.9118081040741
438 -80.08257579816424 164.23191954960674 -312.9118081040741
439 -80.03408905809263 164.8420446591285 -314.741369880277
440 -80.03408905809263 164.8420446591285 -314.741369880277
441 -80.03408905809263 164.8420446591285 -314.741369880277
442 -79.71101610424284 164.23606259920848 -312.95109192609044
443 -79.83654047762634 165.19453298048967 -314.63387230295035
444 -77.0045967733196 165.19853577504165 -315.3332267098159
445 -76.11912550834043 162.90221170091456 -316.4240111307814
446 -76.41909996414316 163.86333516589056 -318.12592191994804
447 -77.22375049845583 161.30182190218105 -317.3539580914766
448 -77.22375049845583 161.30182190218105 -317.3539580914766
449 -76.46240304933218 164.9495890249943 -315.2907888827316
450 -77.52648848216612 165.9484743654495 -317.08919155999547
451 -77.39709367559695 165.3242535078172 -315.2479466671956
452 -76.47516394002477 165.15710090143548 -315.1906253878601
453 -76.48550932328804 161.0467530612408 -317.307987926872
454 -76.66584019579494 161.0349267505982 -317.2721233629038
455 -77.16182828886174 161.99358109831616 -318.9792818095499
456 -77.16182828886174 161.99358109831616 -318.9792818095499
457 -77.53635343945878 161.9895532631258 -318.94400858047464
458 -77.53635343945878 161.9895532631258 -318.94400858047464
459 -77.71720442404104 161.97741089841256 -318.90750274530757
460 -78.06967996964767 164.12956175404412 -317.718826700515
461 -78.06967996964767 164.12956175404412 -317.718826700515
462 -78.14334575080501 165.3157446456175 -315.1751366865167
463 -78.36762411498384 163.3614829538742 -315.8347509056542
464 -78.56069987577544 163.36931063708246 -315.8354037912646
465 -76.64879401457338 161.42145897232305 -317.293079888127
466 -76.20061044920132 161.64662345214887 -317.705031133584
467 -77.01903457567862 164.37786192131162 -318.2994551391529
468 -76.21032296040745 163.39815750441323 -316.482107371723
469 -77.6709246337264 163.43833562695912 -316.1071480669105
470 -77.6980297426201 165.40316019227177 -315.13229822600834
471 -78.39839634704087 164.29660166324982 -318.1028507975038
472 -80.56405628683578 163.33443213175477 -315.79343109344916
473 -80.56405628683578 163.33443213175477 -315.79343109344916
474 -81.27410701455578 165.5249169896445 -314.16455814122065
475 -81.47942931877702 163.61021034081085 -315.11189061444304
476 -81.47942931877702 163.61021034081085 -315.11189061444304
477 -78.38710408074905 163.81694637422405 -316.1010925359542
478 -79.88388320544965 166.34317740222244 -316.6140675798874
479 -79.10575837429232 166.31629855329808 -316.52060368913186
480 -81.20839116539858 164.2965373164888 -317.04253620344605
481 -81.20839116539858 164.2965373164888 -317.04253620344605
482 -80.88724179695252 163.33360646442196 -315.3445507192417
483 -81.40233927219552 164.3051812601613 -317.0430864582789
484 -81.40233927219552 164.3051812601613 -317.0430864582789
485 -81.42215891786901 165.22821038955811 -314.2726242014492
486 -80.47436773719257 165.12952161612876 -314.56953665207647
487 -79.22873238251296 165.07498358907236 -314.91416913105405
488 -79.22873238251296 165.07498358907236 -314.91416913105405
489 -79.11177792993425 164.1165863837835 -313.23276761906675
490 -83.27084044150882 164.76420399516323 -314.0218903587809
491 -83.64732949468572 164.39850898732777 -314.0904701342629
492 -84.91119932735599 163.2429137387491 -312.48252632874596
493 -88.09571789939976 161.91195424620673 -310.0676557283471
494 -89.84380224113573 159.25942952197866 -310.9530870475734
495 -90.26364243076497 157.36937706316135 -309.2370951626151
496 -94.68680664329204 155.15786142143517 -307.0830987690332
497 -97.5962588242605 155.973469971222 -307.79640658152437
498 -102.03397787667873 150.58071406282775 -304.1468307430876
499 -104.42785225433397 148.55199397081242 -304.33546377479075
500 -104.7980838690917 146.32893977621052 -302.3401349420177
501 -109.8575603916786 145.73997407542146 -298.4489550933885
502 -113.99969757760974 144.45934103703777 -299.06909809208713
503 -112.96922119143292 138.8499695081251 -296.8849110089374
504 -116.36178471158902 136.52192989367666 -296.3804700746376
505 -117.90793718933884 137.22110628181647 -297.04243231069074
506 -122.01680949067338 135.38278750743552 -295.58143286757786
507 -123.83597492064602 133.07797414979942 -293.0997238844898
508 -129.70587025654876 131.3759519834864 -291.084580261097
509 -128.19760838622727 130.31915772066498 -293.41022938382224
510 -127.22838821465007 129.99955405139357 -291.2387941014126
511 -123.6875041029372 126.18177078239285 -291.77139554718946
512 -124.01089167206558 125.12932556709879 -293.52139005932605
513 -127.52112859124252 122.36256239807119 -288.4514548032804
514 -126.49851101319281 121.14368865710449 -289.0045312497437
515 -124.49103923660107 120.28334205179434 -290.1056167239223
516 -127.82575163705789 122.65279553462884 -285.0879267842051
517 -126.06628318158033 119.15574093011296 -284.7130018304835
518 -121.20570232613517 118.052603929762 -284.81378023911816
519 -122.12133507034548 116.87432145096297 -282.4715854410905
520 -118.92594614300506 115.73959282306258 -281.6760488409153
521 -118.58385408131277 115.73750349870508 -281.7542262154848
522 -118.14571016436939 113.61689095038071 -280.8191286275514
523 -113.95508314239626 113.50619276898595 -280.6968075166705
524 -113.26899754596934 114.27396522794672 -280.62976938570233
525 -109.21079328805192 114.19414325538884 -280.45899466780213
526 -106.94647369269882 115.31713851880366 -282.55667991910076
527 -100.19022750146277 116.37685334605573 -282.0426059054716
528 -97.12838797324626 116.02482237750776 -281.1479193022186
529 -96.99885317351684 116.4076408391283 -281.22587006791366
530 -93.6007431734867 116.01219694709864 -280.464565970236
531 -91.95902174584023 116.77704055059142 -282.3879857131698
532 -89.23086124491226 116.22587978291509 -282.8414067030255
533 -87.47463525904254 116.70087844644124 -284.90155737376017
534 -84.55087747948645 117.39765115316638 -287.3488433063258
535 -83.18802995282279 119.21513875238969 -287.1903123035121
536 -82.74975340890566 116.18765141957154 -290.45236155157625
537 -79.62558963755185 115.81894992328401 -291.25749587884667
538 -79.45578917717032 116.60260661809497 -292.92543505313904
539 -75.22272507878648 116.41911813113794 -293.7061051828511
540 -74.8767331431767 116.41692275890199 -293.7625155681072
541 -74.36462534979462 116.41720362188755 -293.85390201310514
542 -74.66495501724863 118.61284081401955 -294.6935531499795
543 -74.31810705462031 118.61075766520264 -294.7509152555893
544 -74.15140365914664 118.61298991873376 -294.7856164629402
545 -73.80453175015995 118.6108119787101 -294.8427737577155
546 -73.5263712241218 114.71970500225308 -296.42393242036894
547 -73.3595492264034 114.72156952524709 -296.4580311026352
548 -73.17952233266496 114.7175212973136 -296.4809961614991
549 -73.01265703102123 114.71928087413713 -296.5148632827725
550 -73.14827181188056 115.12623971464626 -298.15222325546347
551 -74.22040907315537 115.13822536570473 -297.87586357893133
552 -73.46603141569553 116.97820470389016 -297.32336563446984
553 -72.63294482991121 115.12562234599145 -298.2429885598466
554 -73.87278375621517 115.13529686041282 -297.9345717725583
555 -74.23030799302404 116.93786598639576 -297.12098787376107
556 -72.80879001229061 116.92992385935958 -297.4688222903578
557 -73.12522640223578 117.72351642219076 -299.0748599564666
558 -72.77785556949831 117.3508918102191 -299.14805291333386
559 -73.39328129520183 119.4022763180804 -298.5307040011702
560 -72.06652708126583 119.37384520723468 -298.5644012000174
561 -71.717614504988 119.37174276619723 -298.6216629592612
562 -71.21270871316003 117.57462407108889 -299.4543115103814
563 -71.35514187501474 118.00210204719372 -301.1198001650205
564 -71.79864372863534 120.04915385315326 -300.1833748811244
565 -71.48690558624122 119.24157390318358 -298.57113437029824
566 -71.31886114134429 119.24287714737848 -298.6039895469004
567 -71.13813971969904 119.2394903303524 -298.62859101126344
568 -71.13813971969904 119.2394903303524 -298.62859101126344
569 -69.07959048820159 120.97815626416906 -298.4056051078287
570 -70.31065438480863 117.3193554474777 -299.25542543074795
571 -70.38358756389358 117.79587355707827 -300.92447337811797
572 -72.95705956315877 117.7932036670287 -300.31047255265594
573 -68.03046101432247 117.74819005236907 -301.4837906370871
574 -67.73658925999501 116.95169552544179 -299.86313036067355
575 -70.05927953748551 117.13683059527389 -299.60200670627734
576 -71.20090741092068 117.17824675318022 -299.3165405141487
577 -70.65543964784433 119.04888684099875 -298.70700283678417
578 -70.65543964784433 119.04888684099875 -298.70700283678417
579 -70.96598522875178 119.48365911492641 -300.3356431169908
580 -70.96598522875178 119.48365911492641 -300.3356431169908
581 -70.56650478549312 118.6548433126152 -298.4520620264216
582 -71.36007708168361 120.68334971278313 -297.46771812020893
583 -72.1012341372806 118.8573982672307 -298.03056608910674
584 -72.71255628267997 120.88780210907444 -297.41160772353334
585 -72.71255628267997 120.88780210907444 -297.41160772353334
586 -72.49473417464752 119.54430111902849 -299.8848735412821
587 -72.17808585031183 118.73842252374845 -298.273664752835
588 -73.41473713226085 118.7068466347624 -297.68108814211223
589 -72.27491545892588 118.83730633500952 -298.2545644118328
590 -73.3730344665073 118.83489091002404 -297.994713355319
591 -73.3730344665073 118.83489091002404 -297.994713355319
592 -73.65118884242612 116.21211091697035 -296.9660097037391
593 -72.62958017230774 116.2577445637855 -297.1996705482328
594 -71.19206533538886 118.90667677168132 -298.49468123324397
595 -68.83576199030851 118.8573426916166 -299.06646858456156
596 -67.7065075833533 118.4747969766756 -297.63798321165063
597 -65.57886406670227 118.44015710261588 -297.83479887316304
598 -66.76529918757285 118.19701893630639 -296.2149194189783
599 -66.09526780492232 118.24614334557826 -296.3736443751122
600 -65.46493773618577 119.99432762314967 -295.81702671236434
601 -65.0246055392862 117.58083965272479 -295.07698704353453
602 -64.50761189097256 117.57626876391348 -295.2503955724
603 -64.10108754983868 117.5338921546298 -295.41569423376666
604 -66.89340321893107 116.45644354145901 -291.6534525622803
605 -64.09021051024052 106.68210360026181 -272.01703377798816
606 -66.3110656679906 106.01389815928755 -270.09631206965
607 -68.24037360382216 106.24150239429224 -266.13197996888334
608 -72.57425772829724 104.184949985912 -265.84879387559045
609 -74.08590499804822 102.76809146179988 -262.67651004567546
610 -80.03304110614592 102.50548028318497 -261.11097759484795
611 -84.98033452210085 102.2264864151893 -259.73271480097225
612 -89.73463054047897 101.91211045897845 -258.3418035990072
613 -94.39786120673165 101.65787470269801 -258.5411559938295
614 -100.98472395227509 99.66806892366506 -257.01391098047975
615 -107.34476698209465 103.31633114082959 -254.98944235515717
616 -114.33787792972163 101.74094178872875 -254.60080922099476
617 -134.9985126560233 116.89783193299004 -280.58744038795766
618 -139.76769351369384 116.75867369957922 -278.9704133675092
619 -138.84436672159384 117.00154973465648 -279.918292256619
620 -144.21329537282924 117.08869217641069 -277.72622416882024
621 -144.17344925179805 118.04213631047307 -281.92907343109994
622 -143.54206968357568 117.19748156896992 -282.66948271580844
623 -145.62889910627305 114.37261162775667 -282.7312282642717
624 -144.31185840398004 113.66284248628072 -283.63459012512317
625 -143.51940997991363 115.07506624116942 -283.46674053442854
626 -142.5745966045551 114.55965982300393 -283.90276695076045
627 -147.44166333057854 115.16009640979989 -284.0055201116052
628 -143.0697006083075 114.45102098297883 -280.9201794706488
629 -145.53776681642123 115.9260531550012 -287.4769449727864
630 -144.07943772542131 117.26963709940232 -296.0264258592817
631 -139.8738711683638 113.73547842659731 -297.14222388705116
632 -142.11143889947616 114.97343370015135 -300.3275048558594
633 -142.74544499367806 116.68775985674992 -304.5071825287517
634 -142.42388110527412 117.58655999306573 -300.4742516394992
635 -143.0079330990962 115.7834010831311 -301.1922767864027
636 -140.5369794703503 116.50007234192606 -304.51649631450755
637 -138.36359800527475 116.47229424625623 -305.6079805037911
638 -136.12820682483417 116.86462327060053 -306.70513038190893
639 -134.16437536085328 116.8678284221744 -307.65542555239205
640 -132.00074500536542 118.74665733606403 -307.8564416989364
641 -133.43509006843266 118.8522904775663 -307.18465254880454
642 -129.5795578196903 117.78220866407516 -311.5629049918215
643 -129.08813511840492 117.3446625929322 -309.84527079153463
644 -129.5795578196903 117.78220866407516 -311.5629049918215
645 -123.35311724381185 117.75594478629056 -313.7516411647013
646 -124.40725703775033 117.62068080119262 -313.38595412690097
647 -125.58704827510056 118.15069106571015 -312.86465565903916
648 -122.70733846627523 117.3217136231624 -312.04968545801614
649 -123.38385522528367 118.17141464876889 -313.80369245378654
650 -117.96109095337589 117.32724670615237 -313.9430141184044
651 -120.0965452484887 119.8145635987326 -314.37812949557105
652 -116.54890260817925 119.94728289687482 -315.731499213629
653 -119.88501621646095 120.13664786277312 -316.5824867795712
654 -116.83510204561105 118.4704960162838 -316.49648341270694
655 -117.18655070149143 118.0906680666077 -316.4685893027077
656 -114.9361899634524 119.72647726076828 -316.75112751786037
657 -117.629291067893 121.65265853486501 -321.56576310806264
658 -116.06668625396861 120.94351857773059 -320.248478393464
659 -112.8947426733223 119.24074867455006 -317.55172475270115
660 -113.67993855412904 120.0851668413077 -319.27518739356304
661 -113.24573885380065 118.86074747317438 -317.5295095268854
662 -110.79865143839683 119.25612710915193 -318.48487748370815
663 -111.96301579925128 120.55402197844617 -321.9805617188709
664 -112.15001889849201 120.19261320807261 -322.026229629322
665 -112.04097195933724 117.624280810173 -322.8463000468014
666 -112.00164750814349 116.80401784032296 -321.0562226115614
667 -112.14986064460095 116.3947918654332 -320.98878673054344
668 -109.86410238677178 116.03213809273642 -321.86391997661485
669 -112.09238847231137 115.19386078436385 -319.2068488596564
670 -112.68590265994686 115.65233926362394 -321.0049095666632
671 -110.38055022942869 115.62974700659775 -321.77765422793885
672 -110.47478388825203 115.4414363243851 -321.7729945112154
673 -110.47478388825203 115.4414363243851 -321.7729945112154
674 -110.67764516652664 115.46943349556378 -321.8193346864582
675 -111.89678786447521 115.61970772046845 -321.34344157252485
676 -110.28012867676165 114.65139227476428 -320.05822614999255
677 -110.58296232206634 116.51125994888697 -319.26647144315285
678 -112.06209731798394 115.59908458670317 -321.2782452831674
679 -113.40734980473397 115.73517176833921 -320.75678625843574
680 -113.40734980473397 115.73517176833921 -320.75678625843574
681 -113.24232096889548 115.75548284802794 -320.8227864750666
682 -110.23610409226202 116.11652462249141 -321.7454066039236
683 -109.4899340904891 115.67561257627733 -320.0070607828294
684 -110.20430306191173 115.5208469003482 -319.5841206968151
685 -109.6718782645512 115.53326496412016 -319.6674762613573
686 -110.1809706866307 115.3609820206045 -319.32405754400037
687 -109.44715285908231 115.3471173468864 -319.3664239919106
688 -107.07437753238338 114.65968792970241 -318.01365449505226
689 -107.57544703656966 116.89354236272744 -316.7136018727684
690 -106.45766943322705 116.05589447974555 -315.0292969712707
691 -102.46060523050852 116.01270205456376 -315.848628924382
692 -103.50683762558064 116.30566028166263 -317.19087665406033
693 -103.65566008153382 115.3685991856229 -315.24111221973953
694 -100.98384907534468 115.51540349141106 -316.16114952021644
695 -100.33883879236191 115.37894898843267 -316.1535144097893
696 -99.48170378111047 113.49701086356757 -316.90740635465625
697 -107.57033871147215 130.54726751688122 -354.9962150501843
698 -103.24960646583182 130.72597069997488 -355.58141252817677
699 -106.5050565768719 131.75586131593818 -356.38092726342927
700 -103.09872407299007 135.03378629710545 -358.63905715146404
701 -98.71185860932982 135.00360611715652 -359.56166739838005
702 -99.53683552612115 136.33212880397974 -363.2307594301627
703 -99.4924196368346 138.96183207863356 -368.9825871475403
704 -98.5430294010811 139.35202615046165 -368.31875732971605
705 -92.51459611726425 139.24432706911773 -369.1390016972093
706 -79.77646563997422 123.17653301197029 -315.5006240121826
707 -74.38550536715736 123.52466120541138 -316.2531578177154
708 -70.38609900713132 126.44286919106946 -317.57835807067664
709 -68.89681257009383 127.29273150927764 -318.999538384635
710 -69.037858565529 123.6829774389044 -317.44546815825356
711 -67.54680814725407 125.97376849565364 -320.3828680995523
712 -76.93626248514215 128.1059269586734 -327.09105148885624
713 -81.13827038655648 127.15692680222786 -325.81423755575827
714 -88.35914513107753 127.3538032532401 -325.6603625739616
715 -92.55764780072428 127.58753438706597 -324.2065531224327
716 -94.53952523152287 124.31491812917437 -326.74031698020383
717 -92.28306736304239 127.1552908369682 -328.16197662122545
718 -94.42248354284035 127.99514242009222 -329.1741725744437
719 -94.60505642125153 125.68394725050332 -329.8081503905749
720 -93.33341253689105 125.59827935912283 -330.19246582601045
721 -77.87420592777727 31.145358033001187 -128.69047113511414
828 -134.24200960917256 123.76437830650121 -299.301492552649
829 -133.5616339922198 124.76866314750157 -296.6102915522448
830 -129.5651965034895 124.2910852174797 -298.1281571259519
831 -128.74899126140207 121.22319129180211 -297.2293610203842
832 -125.88562219198347 121.17900644220572 -298.3609935920497
833 -127.28572181916311 122.80851505609883 -296.95240360165315
834 -127.05463484473968 122.35508843554877 -295.2134618845015
835 -130.4112297002216 123.25762283937598 -293.8402905085076
836 -133.94480202316362 122.4504649017203 -295.16453254430616
837 -139.73951444882744 130.54718286200975 -305.77056920093145
838 -146.4850458141792 132.04799661453728 -309.41278518298645
839 -150.71452976620554 131.0077851551255 -305.71091009170453
840 -151.78496505540966 129.51732949971057 -303.41868363498617
841 -149.8221121253751 128.7249754100107 -304.47130712576393
842 -148.79773755279314 130.17407333372506 -304.15890368018154
843 -147.51346281104432 127.30954438485531 -305.5743063091709
844 -145.99040602144817 126.03490144592067 -306.33896540195946
845 -144.62325974414836 122.77305021698116 -307.9530739242107
846 -142.89568257838528 121.18240640763413 -308.63121040766475
847 -148.23293162268385 120.18376137370704 -308.722590850421
848 -143.32160629288634 122.61771246250048 -309.6173015597624
849 -145.2918405277046 119.01437471977626 -309.57153462294764
850 -145.72127576166406 115.82656804787983 -309.91106605898534
851 -143.580381832252 116.64518184823618 -308.2250061421196
852 -142.6497954864028 116.36859217625505 -310.1915156040615
853 -143.98836786525845 117.04831208070306 -306.87668885030297
854 -142.96542874028853 112.90795715891757 -306.0485799473869
855 -140.42544344210586 111.16347662307615 -306.5760168170208
856 -134.30979768878603 110.47166813264762 -306.5489723404749
857 -131.9883482754212 108.08092808813844 -307.01983957413546
858 -136.38061310922143 104.20388907535019 -307.76976416613513
859 -134.60160199690506 101.38711510512434 -307.9406427383371
860 -135.96497530831402 103.53812956088328 -305.98455586221775
861 -133.5674908044456 96.77996577917624 -305.8203219491019
862 -130.54003743072278 97.2870378174911 -306.24618038310433
863 -131.0592940762831 96.45753304498095 -305.5073431350642
864 -121.87519234013402 96.34884481040343 -304.11824784238
865 -120.8811174967177 94.27203232930968 -304.6514389645728
866 -119.38483531384611 93.93460312771028 -305.0861259950137
867 -113.39435021663895 94.91505534708337 -306.17141705584737
868 -110.32199053645647 93.99334086444556 -305.0442875411208
869 -111.84619350404787 94.03646131383344 -306.2433981338042
870 -107.40672958771276 93.20426456441592 -305.2436932630999
871 -108.07087545130426 93.11380311553707 -305.0610242138121
872 -110.66922031823272 95.8973174980833 -305.098470363982
873 -110.14849523454166 93.20720489296838 -303.85255888879084
874 -105.52513667520711 93.4887423994914 -306.82866422904704
875 -101.64459972776109 94.78042115646446 -305.8888731169433
876 -97.89926873894726 93.85661441865793 -305.12477442316606
877 -99.11679898361065 93.58743429548736 -304.67438423507446
878 -97.88478457570253 95.34188791189824 -302.5674372987084
879 -99.13255503854688 95.33173713231837 -302.02517784434195
880 -95.7195708270287 93.22049656480604 -303.68687054007296
881 -99.83201974379642 93.2125162708518 -302.28045229557637
882 -99.36018936959229 93.56894199900582 -302.2417506179968
883 -98.05126184469461 91.83302216680619 -303.30013545817167
884 -100.47977920016251 91.74750268792266 -302.49675122323094
885 -97.66084836058721 91.6964610630041 -303.3450004956826
886 -99.771900647302 91.72367634261956 -302.61590348730687
887 -97.12119852320782 91.62596237025956 -303.4624814722325
888 -100.51292370847776 91.56171077480087 -302.3439203906136
889 -98.66379319764133 93.83408480347777 -304.0765648327742
890 -103.26756849332338 93.8384866584941 -302.55340095516436
891 -103.57859469412435 94.07985714432263 -302.66360185722476
892 -102.01984874348247 94.04545702445202 -303.16029027498143
893 -104.07521177691679 94.3846646694051 -302.4753086686839
894 -100.66773168432029 94.31911065849549 -303.3005299613946
895 -99.11099791085432 94.65436291723238 -303.85561571071145
896 -102.50833203071019 94.7092668881559 -302.6792387797653
897 -99.34024489006492 95.12676626445229 -303.7154068785924
898 -97.71077719586293 95.53533450045418 -304.26287057619743
899 -102.8997829059607 98.01534902012074 -301.9146584355522
900 -103.74574305902166 98.81947098190446 -301.70406665411883
901 -101.59674748866833 100.02350838942428 -304.2769345824298
902 -103.90699612449907 100.0581345236155 -302.0020714665534
903 -105.23217356781802 101.18070910900724 -303.43191634735075
904 -104.92327007543619 101.96212838684687 -303.61894953998365
905 -104.78998895336551 102.77607818806447 -303.72811297070774
906 -99.86099935878258 102.92003785784789 -303.38881914132816
907 -103.27676038967932 102.21943872686171 -303.3126956987314
908 -98.10166388574913 100.75726588754598 -305.5044607888631
909 -99.82205878070363 101.14274741315607 -303.2411719766086
910 -103.70474931365439 101.95108095968816 -302.30725374146266
911 -102.74564571520922 102.55798927520414 -302.4147154333698
912 -104.38803808939082 102.93466051545435 -300.1310872908107
913 -104.1456202145132 105.65541751005429 -299.909162348833
914 -102.59732822343068 103.95537182578047 -299.12952457253095
915 -103.73760929742397 103.55937071343313 -295.2160953861643
916 -107.79198223607294 106.58921894187638 -293.4878962101337
917 -104.58735824759111 107.15850368152243 -294.4307449306804
918 -106.16391532762967 107.50729956382875 -292.14166010335
919 -106.80007063480558 108.2753532049093 -290.54272725466757
920 -107.82952812181833 104.399301872627 -288.1252282140151
921 -108.05212007802766 105.34794094076614 -287.8334690541114
922 -106.57891048135897 107.5288891089171 -286.0221383078042
923 -106.88493993614404 108.24792575255678 -284.22803367311144
924 -107.52810291137365 109.41230484804332 -284.0505629838957
925 -110.15898832471657 112.27417702666015 -280.97975776497645
926 -104.64086613726937 111.13336660523245 -281.9304912474163
927 -107.30198064021079 113.41932675385901 -282.7073971351491
928 -109.1907993831195 114.52772053729953 -281.96382411214654
929 -108.96069927063215 116.49986177321017 -283.79563572293233
930 -110.58858638411355 117.25812716898588 -281.7030661483772
931 -108.86105605837801 116.70166663276902 -277.18049007100024
932 -108.5454611045727 115.74320024764287 -276.06421909062186
933 -107.46348539815313 117.32136230083577 -276.54909961709086
934 -107.60541892337619 118.79173273481211 -276.46121807970883
935 -110.49062373227372 121.23428491482838 -273.0942347812056
936 -109.55533074272368 122.37146635746673 -273.3845354117326
937 -105.19210453118487 122.53329870445428 -273.1895284147571
938 -105.15996174901571 123.6188101278212 -273.1218568848289
939 -102.06083371199773 124.28614087434953 -274.2559944426727
940 -102.03900676108731 125.00869237429207 -274.2039994784992
941 -103.07071162177928 125.3692836680658 -273.7867961663695
942 -102.43425188618438 124.61078106889354 -276.5222696161838
943 -106.28575480891791 124.99925417378057 -275.3204813540959
944 -108.25940453904458 125.8985388228948 -274.40578733049955
945 -108.36871668047624 124.30520898952042 -275.21956560137653
946 -106.33442280826019 126.5157809443074 -274.9005231033765
947 -105.15900088670922 127.2261734326946 -275.2790486937545
948 -108.33679485255128 127.99057354569904 -274.2656144359174
949 -106.76680175778398 130.91271613271243 -275.6981117724448
950 -106.32752084251723 130.6189907971273 -273.838683960218
951 -106.31342747807116 130.97900982371397 -273.80080120841086
952 -108.40990342824341 127.98708188604861 -274.6474002402474
953 -111.2761905221893 129.55602624673105 -275.41488957674466
954 -111.8638049790694 130.19285822410706 -273.3282935911288
955 -110.85445663539934 131.13296887271264 -273.29745674215866
956 -110.40703977827287 136.46339752572905 -273.3565555534051
957 -112.79862690197663 137.21222363821303 -272.5774560747035
958 -111.73693835118947 136.3365466276624 -273.4412212487529
959 -110.24527336556446 136.21248858124892 -272.2811281258149
960 -110.5809998684366 135.8663633152241 -274.65260969891307
961 -110.99020091525074 136.60723081897947 -274.6731465611991
962 -109.13933453967566 137.50486512349423 -274.96943999285884
963 -112.50115065368307 139.08014751357854 -275.176008112008
964 -112.7231701288153 140.13085837453605 -274.9349453440687
965 -116.59657423136197 140.79592263960865 -271.65160829514735
966 -114.99420745774981 142.233552034533 -272.1129138066585
967 -113.74845490054749 143.98857563397735 -273.84259980781724
968 -113.62188458877654 145.0601502401009 -273.73310124616927
969 -114.21662586620147 146.13731136993403 -273.31686667076127
970 -115.99871967097883 149.81907755395335 -273.1374388542614
971 -118.1063051057459 150.8537830139434 -272.02392287035855
972 -118.27058304765323 150.49263457294643 -274.2539804369584
973 -120.08766795062287 151.58850413000877 -273.5815025426358
974 -121.55198440783245 152.71618083586307 -272.70386262884443
975 -120.9083697286093 154.33488296232582 -274.5939931876085
976 -123.41393652466726 155.02572115262143 -273.3817084192386
977 -118.45763397767048 153.92318337180137 -276.1339940460727
978 -120.45393712130092 158.7182988279812 -274.97784831029554
979 -121.20494837059218 156.70404474786335 -273.8031469109348
980 -122.19581469614434 157.09728166070025 -273.6457227616422
981 -121.3329206638289 156.27765032696206 -272.4682565472571
982 -121.0632754506307 156.58578279521345 -272.6585837081821
983 -121.53004537124923 156.7542521137716 -272.26605379820734
984 -120.54464562187604 156.55982113486905 -270.99514740324736
985 -120.48598527173266 156.08256209579747 -269.46058688830055
986 -120.37932231303833 153.97090653443152 -268.9509935368587
987 -123.88111619245296 156.86597718002577 -268.2241325036417
988 -127.29082359823242 156.92200634228945 -266.84760075404563
989 -126.19134103983191 156.38900471943 -265.7984849464452
990 -124.60425794322671 156.33340343167407 -266.84004073697116
991 -125.48517100439676 156.11934849556667 -266.7581014373565
992 -127.22391407630428 155.93310789828118 -266.18239619156856
993 -128.6593946924928 155.64696286657386 -265.63900310384247
994 -124.80810211940378 155.66217828082466 -267.50614911085637
995 -124.31359050263596 155.57368859368646 -267.4620186023482
996 -125.18169115225595 156.4781398709288 -268.81807018285696
997 -126.86047099734309 155.95776521905037 -266.6030307857966
998 -128.8408358798619 158.38958094872453 -266.5250162692835
999 -124.20509067886874 156.32310766340328 -269.9728113119237
1000 -124.55043872873341 156.325974003646 -269.8851703198809
1001 -124.07585526523582 160.6404847017315 -266.15742337035175
1002 -125.5796634103703 155.15355681810777 -269.55365392834983
1003 -119.70230083688347 154.07058103027904 -273.15810992350714
1004 -120.04963738237728 154.0729546431222 -273.07839660710397
1005 -124.44924925648824 153.79479723530773 -271.64046828136094
1006 -120.73902339581501 154.4061261341534 -270.82524482687325
1007 -121.1037719406564 154.06267397995788 -270.8418363593531
1008 -121.06085184712077 151.81111276719346 -272.1899317080958
1009 -118.76201252148589 151.39015996058208 -273.47082200289657
1010 -120.40354035908871 152.2043125825387 -272.3467995790543
1011 -117.2857864701568 150.79550093742148 -272.0743265618315
1012 -115.36085231529682 148.55408369735505 -274.17139785735236
1013 -118.4955691237965 147.87178090218958 -273.2565783358435
1014 -120.48166486222885 147.07396876576462 -272.87590431824185
1015 -118.65446710360908 145.5031809326977 -272.3453138033755
1016 -118.07171178464203 146.45269005418425 -272.0455112692807
1017 -119.88484998184589 145.33028210234173 -271.7299613354939
1018 -117.8628975414351 143.77716239645903 -271.28068333720483
1019 -119.49991092493781 142.62493856657852 -271.04507565630223
1020 -118.00558142620224 141.90860807850115 -271.93902648391736
1021 -118.81088467348178 140.47877644048617 -270.11304879520355
1022 -117.24756151723788 139.78326407291453 -271.1132429062905
1023 -119.02971627440448 139.3465290453898 -270.63555329188785
1024 -118.07879880714015 138.23736288420906 -269.5023659753035
1025 -118.50132919551478 137.44429232717516 -269.90511892850077
1026 -119.6553279844734 137.57668674541114 -271.3826734564454
1027 -119.69860039828409 136.40425606590713 -269.8388862885387
1028 -117.48977425317173 133.8411947914338 -272.04066823981816
1029 -117.54460290713854 134.66694179373079 -271.5593092292309
1030 -115.4316654127155 133.1456173051458 -271.12031524874345
1031 -118.40225622519918 133.2749615140687 -271.70597624754174
1032 -117.17950161208805 131.8775034131127 -270.7218667004535
1033 -115.94143834294687 131.640982772057 -273.25764056950294
1034 -117.225380624215 130.4690676692112 -273.0329955720633
1035 -117.8171406228934 129.40264716251366 -273.02116097581836
1036 -116.02131575794616 125.84786278008963 -273.2550157436292
1037 -113.27118750450484 126.22411099331228 -272.05991092673105
1038 -110.49621976208287 122.95946133188731 -274.1824653856424
1039 -111.03269476250264 122.37991115924964 -271.8710475574722
1040 -110.14285410884231 120.57081107056872 -272.1374347058904
1041 -106.21008882302951 118.12337869357629 -272.082672059067
1042 -105.74713888286158 115.24814693416656 -270.8375993741726
1043 -106.77162456936759 112.52898772808024 -270.5915331270039
1044 -108.82537370430688 110.5593804929631 -267.6538467578507
1045 -105.22301780757545 107.47087250267677 -269.05505649575605
1046 -104.7019656314323 104.25338243728925 -269.1483535514137
1047 -104.18137481183982 100.71102475331836 -269.2657418052559
1048 -104.65911269537293 97.27716952518364 -268.8803124336457
1049 -101.49858571914635 92.63907962888216 -272.0480667018229
1050 -100.81152772676091 90.09833379554178 -273.44244405639165
1051 -99.57470755539991 87.39206141613417 -273.38267671027666
1052 -100.86933700813441 85.57078125867925 -275.6423238287547
1053 -102.3148193915195 84.2886809035089 -278.05532989809467
1054 -103.60272156259464 84.92799271128035 -278.38896415359665
1055 -103.73532448618745 84.16701824781462 -279.82065869980886
1056 -102.67220699244669 83.49844079839657 -281.642203152547
1057 -101.89996177694738 80.90274733846981 -285.079476532956
1058 -104.36935390562623 79.98812724178924 -285.8461086711597
1059 -102.49378844392598 79.17781031602581 -287.9669612977145
1060 -104.21539229406334 78.57780696619794 -290.4989984582648
1061 -104.64899339299654 79.73137048960969 -291.18740032867805
1062 -104.75089062140694 78.13712281365997 -290.7211003983977
1063 -104.74117525559673 75.69276551228924 -292.4594391415801
1064 -104.26317710755157 73.75623484676458 -296.12796070726426
1065 -103.50078233010782 73.00988832823339 -296.0611417866945
1066 -105.283375639852 76.49451654226031 -294.3106772124817
1067 -104.90300598192874 76.57440340453546 -295.88306002232616
1068 -105.03916450665841 76.00271683709681 -293.8023127285378
1069 -102.90810631092523 76.08308310086352 -294.30318866742664
1070 -100.81738151493548 73.68282176420311 -293.48348406934565
1071 -100.95753349262306 74.05443238516203 -293.22164460099884
1072 -101.48233244020152 74.66770457104711 -292.8385014181873
1073 -101.04963923003248 76.74043590619631 -290.7386322409418
1074 -99.64594371548475 75.62009883860175 -290.09122495154304
1075 -103.37796810078919 76.06334358531103 -287.15736673687235
1076 -102.15494456980349 79.09370197089412 -285.42454012961025
1077 -102.41761199786833 78.93681322924303 -285.998890772687
1078 -104.01348369721549 84.1169403849906 -283.07323946297475
1079 -103.28275714965694 82.53664310838195 -284.2116922824767
1080 -103.37431803444542 84.16058770795325 -282.66028824512637
1081 -101.57754660773173 85.98153491656322 -281.9467101978027
1082 -102.20791256972618 88.04912338092127 -280.5814156192919
1083 -100.18600622461071 90.34197456073476 -279.82323038091636
1084 -99.97024237884128 94.46503675313332 -279.28443912570486
1085 -97.53345181127503 98.48245357785068 -279.4988317431279
1086 -99.65455712497747 100.24355109663388 -278.6623308761354
1087 -97.33257185359363 101.98897064773202 -279.36762893047455
1088 -95.81285976248516 102.13078952405597 -280.41393468624307
1089 -94.07852505439165 103.2685578703204 -280.9141320304415
1090 -95.27569171488759 104.44595039206561 -282.0519601609018
1091 -95.34510729238394 105.56291653665814 -283.65481663178997
1092 -96.79471299790355 105.55823588628726 -283.06559393033194
1093 -97.19517982225886 105.9462344456761 -284.5994936595791
1094 -96.8447334463087 105.57356218391213 -284.6524443479113
1095 -98.19398989454356 107.95088870503042 -286.7594903119897
1096 -98.66165202700753 108.38160924111246 -289.9354096177631
1097 -99.58610049030509 107.11639024044297 -293.6192035542447
1098 -96.9960143130618 105.65793116296113 -298.2401874985231
1099 -96.70414166209535 106.04516273476631 -299.9844482327457
1100 -95.84494244071738 106.88614559449103 -303.7188466108161
1101 -97.28769144802033 107.86510507290463 -307.01617873642397
1102 -93.84181094867944 108.34058707670353 -309.84501174272515
1103 -94.47620723754389 107.86554228421848 -307.87775965532063
1104 -95.38782365567707 108.71602470905218 -299.6780128855166
1105 -85.63916464243468 99.9208057064986 -261.9937204888029
1106 -85.1388711779048 99.5727747060117 -260.6387845957469
1107 -84.53511671493925 99.20000502750185 -259.34019602657344
1108 -86.8137613871495 99.32988376840662 -258.53647567594066
1109 -91.53482108000088 99.39832475828007 -256.83274609878606
1110 -96.35525704670323 99.47242779541386 -265.03154241647997
1111 -105.09124383394938 103.41259565160436 -268.44942326257734
1112 -107.46242948910151 102.57863959988674 -268.1778454121365
1113 -109.32268520583813 105.46646923961941 -275.58435599477014
1114 -109.51852848073996 104.8039598006958 -277.9502507650286
1115 -113.77170967476712 108.1509888970764 -279.2441597056732
1177 -137.72861158279264 123.60242474575944 -295.72859173666643
1178 -138.7676228291049 125.55226746229212 -294.41858774802785
1179 -137.6811837121723 124.24981686038188 -291.1492035241259
1180 -138.28714687379517 124.79915661988547 -292.775669592673
1181 -139.77049476607846 126.19962568198903 -289.1740052806208
1182 -138.3893795267125 124.77189545262397 -285.9646890642721
1183 -136.41561632570802 124.26240183425874 -286.9793887366407
1184 -135.78568783460844 123.41869212534525 -285.4007167693321
1185 -135.78568783460844 123.41869212534525 -285.4007167693321
1186 -138.3404730153951 120.66400364616374 -283.1323681089339
1187 -142.56445667738754 120.58068972074406 -284.7756611424937
1188 -141.4166217567805 122.15001684432215 -284.5219594332218
1189 -141.045644299922 120.77708913692145 -282.8958313053362
1190 -139.39253884018862 118.26637445999779 -284.4759927857585
1191 -142.49517378047716 120.30234443528335 -282.3789265593413
1192 -139.75091109516399 118.09475047689756 -282.611261818859
1193 -137.4463734570445 120.88582996203087 -282.5498845249377
1194 -134.21313906515786 119.87280842334847 -284.9228145360947
1195 -133.50236196361834 120.94691313501457 -283.3643908492942
1196 -135.97320668627486 123.33088989275336 -279.41234059581524
1197 -135.22695218795667 123.63340015438754 -277.8926876780219
1198 -132.66280609715517 121.7948166065965 -278.14114758946795
1199 -132.16181674935413 125.83932083525296 -276.91411106703185
1200 -129.73429626009062 124.81071948425478 -278.74933707257384
1201 -128.11760315394258 124.6623558701329 -277.69232143200867
1202 -124.43624861857262 124.32003866328606 -277.29248772931936
1203 -123.56330764861981 124.60187420948705 -275.7893111214528
1204 -119.78734291197564 123.44824143024692 -278.0568029759877
1205 -118.03235690807 125.07277055245595 -276.0767088346257
1206 -116.76628193794211 125.72593077456798 -276.5310868663682
1207 -117.70959269043576 126.43087698949248 -276.3971065047047
1208 -114.88551915632905 126.59843511129574 -275.6429376653153
1209 -114.99736883929802 128.93585714274263 -277.19173246817934
1210 -116.28862999588833 132.84757347849722 -275.69889981420874
1211 -117.55572893441806 134.17431635966332 -277.4763176567076
1212 -125.09146016129655 136.24367582407626 -274.3502059122087
1213 -123.06604737311267 138.1385722526624 -274.87264701081097
1214 -121.33059731404053 138.44889161837813 -278.32405216349116
1215 -122.28975882650445 144.34387531843964 -278.00799109693656
1216 -124.52801512877805 144.05000127810035 -277.70611536525576
1217 -124.72337249331784 146.7964052841766 -280.59619996396435
1218 -126.98068859101865 148.0337748701732 -279.34414857680736
1219 -125.3384266411096 148.31890258488153 -282.5152547436578
1220 -128.52107490478875 149.48494388767162 -281.1228862271993
1221 -126.98568343402648 152.1091109632657 -280.48255987562703
1222 -128.8441839615636 153.66067595180613 -281.36331402705196
1223 -126.66320244947099 154.36907246357228 -282.17448191783046
1224 -125.34079499075386 153.68317546698026 -285.5276684509707
1225 -125.25041380042322 154.54119328124875 -285.3157912472952
1226 -123.62465196782517 154.40601227931805 -284.0150211350521
1227 -126.47150314330014 155.71919625738516 -284.82765249456423
1228 -124.61021848707043 156.2558853957475 -285.17383707183234
1229 -126.5259397308354 156.4544176219367 -284.25222625818634
1230 -126.31563871217442 157.13026918284154 -284.1080731127573
1231 -127.07125732207905 159.2995620973161 -282.6612979557926
1232 -128.5302029267471 160.6941205058706 -283.6396552401335
1233 -127.93429755126489 160.46152270445901 -281.9179360247418
1234 -128.05702133950086 160.84475497528695 -282.06823848410187
1235 -124.11164026176965 159.02280293803915 -284.5605889183463
1236 -126.72200937907448 159.9628683971739 -285.2097501499395
1237 -126.70312479050139 160.32028793971358 -285.11598203002194
1238 -126.54660132061444 161.53746583299358 -282.20409406737775
1239 -129.2283804323207 162.33231331712526 -282.73166081732114
1240 -130.0734632204801 160.4637914358466 -283.4103601688327
1241 -127.50858860719453 162.2433693923171 -283.42549412409096
1242 -124.77442177135713 159.50696699100152 -283.9051703903841
1243 -124.96328252305123 160.44776041583464 -285.53653403546343
1244 -125.4676575322208 162.24745539994112 -284.1736909375601
1245 -125.30490650448176 163.20261473159297 -285.9007845023796
1246 -121.1899247528015 160.3972918459636 -286.9029692288093
1247 -120.85492809116964 160.9992203299525 -288.79295624087496
1248 -120.46151636898863 160.87168559324382 -288.842034670363
1249 -120.59458223399298 159.6826579346089 -286.8986086035635
1250 -119.71550113581743 158.2028656081177 -290.22154618441846
1251 -117.77143134764083 157.57493666405622 -289.10789556924965
1252 -117.93317849605207 158.510350960094 -290.7611330378902
1253 -117.40002751630752 157.93504800147352 -289.0992687782251
1254 -112.54635821429068 160.16008237468827 -289.8943464111841
1255 -113.91000634793326 161.2726911998457 -291.13047849264126
1256 -113.35538674300557 162.16733612085898 -293.14821896230296
1257 -113.6430879221197 159.53704787313583 -292.21198386485514
1258 -115.99843950240526 161.69161466239387 -290.1873273023125
1259 -117.60463500638772 160.7176161672604 -292.38800127081805
1260 -122.11499245193552 160.95745411186 -290.5628224589858
1261 -119.82813692987057 160.53463911726902 -289.23145682406414
1262 -120.49322489860087 161.98825608512263 -290.93143528289306
1263 -121.49231955498564 164.04995585642845 -289.4501603031785
1264 -120.23839523061395 161.97660578458093 -291.0771799437415
1265 -117.65184221110789 162.189131110094 -291.988240402275
1266 -115.74739011822734 162.0322347669218 -292.7333379926407
1267 -116.54585916885816 161.44886229723497 -292.4719483451238
1268 -115.36740681290817 163.2485762921353 -291.82606236131045
1269 -110.51033913987635 162.21000676733362 -293.54859759076106
1270 -112.01875649220798 159.71655594165213 -294.0617188254082
1271 -111.35249344536138 159.01708644006382 -294.62719417386506
1272 -109.26808977470915 161.11264067879372 -296.23869496740275
1273 -106.88104989710124 161.08255056630802 -298.6669386014761
1274 -105.46176112961211 161.35363967711774 -301.2776059091776
1275 -106.63400211852029 159.8909893980837 -303.7428251897842
1276 -105.18376075903083 156.41268148801984 -303.16557697938003
1277 -106.65142740632915 155.13744758019297 -301.08869694479745
1278 -104.22809811549331 155.78310673037709 -299.12316732340554
1279 -107.08899518626168 156.26825184786037 -295.2912418112306
1280 -107.34491291066267 155.05157808915266 -293.4114587801525
1281 -105.16313649202762 153.44508912036605 -292.54814413009035
1282 -105.47346595239895 151.97308781470488 -290.44089380778945
1283 -102.83975981997267 151.22781990890178 -291.51312033121343
1284 -107.76446875707921 150.68118961293968 -290.16107061583284
1285 -108.84732220773732 150.02326946372494 -289.8605733142065
1286 -106.56281847841004 148.71519006511338 -289.0156335402259
1287 -109.57053383707202 146.12463143180153 -288.6643960649937
1288 -110.84723324264542 143.76127439145776 -289.50150445121955
1289 -110.4306244748012 143.04218940611565 -289.7847401031232
1290 -113.5123300020093 144.3893975974781 -287.6746412197584
1291 -112.30703587366864 144.34027724823963 -284.0342427575947
1292 -110.97579229557496 143.2182010532477 -284.44851864938454
1293 -108.23301827496286 139.89740928345873 -284.74500710224703
1294 -108.36388240275897 138.33720316026427 -283.07719028222226
1295 -112.54075590298815 137.44408164218117 -281.8929053339948
1296 -108.59372976620698 141.0046645491275 -283.1669589156018
1297 -109.00958572183072 137.6468719823639 -282.2762537473097
1298 -108.50340228485385 135.7100875297352 -280.9390544579533
1299 -114.21791780884023 133.4837733370698 -281.7496326256332
1300 -114.05524571486605 132.40428361522584 -281.96043209065425
1301 -112.20691304237249 132.69469279816843 -280.1836221437534
1302 -111.38263495620703 131.85040671288974 -280.55731792991025
1303 -112.31005013810972 130.96529898630445 -280.29188124897655
1304 -112.4831400212534 129.8720695992361 -280.37956655310563
1305 -112.55311251327194 128.71569304528674 -280.4905935351342
1306 -115.61351279076703 128.6313885253976 -281.41513199443386
1307 -111.58058372026355 128.87660098399093 -280.24577661559687
1308 -112.52003201358299 125.9609367944783 -280.8109519030871
1309 -115.86317407533474 123.22918908818465 -280.64533970897077
1310 -113.12205196457168 121.65658433086593 -279.79583884491575
1311 -111.85428149259786 121.05000913670511 -282.1392991079934
1312 -115.19114789122298 119.33812903488692 -281.23458698299174
1313 -115.79234533110056 118.60875702559808 -278.56795669756474
1314 -114.83228183544477 117.58799711230921 -282.2978675375618
1315 -115.63727991879584 115.78098118112018 -283.8443668220658
1316 -117.31108892519667 113.9173811539264 -285.0268571474418
1317 -117.84903606034527 111.47328330506734 -285.1202504734674
1318 -116.0338698769561 111.13517069957207 -286.88133446675647
1319 -112.57429166302462 107.86997711570352 -290.37443435827714
1320 -110.89137665059609 106.45050465416455 -292.70846974483464
1321 -112.99576541837021 104.21151274159848 -296.1118889753433
1322 -114.16620901761189 103.15597669941818 -295.62111174946386
1323 -112.71814226718774 106.41329001261903 -296.50575360065295
1324 -114.03350485670755 105.30650424307498 -295.93627072265565
1325 -112.44153416902138 104.54795928621392 -298.29590050304006
1326 -112.22023077872545 103.79658445882058 -300.11340672685935
1327 -116.67706598836281 103.79628566318597 -302.04848040377044
1328 -115.11628467831736 100.86884245402932 -303.1543228233801
1329 -113.91420379922224 101.25037425648152 -307.2524284074875
1330 -114.52999562278973 100.92203445366637 -308.80315024103606
1331 -115.6459542235068 101.63874546046092 -307.62191194325754
1332 -114.7029121553404 101.62853231548887 -311.64739103760246
1333 -110.40322034624546 102.0042705756927 -312.0702379614029
1334 -111.49829212926937 100.84210623413276 -313.3813677245148
1335 -112.31795953138078 98.39672313495745 -317.363058699477
1336 -117.47154269923253 97.0412178041939 -315.5579807210754
1337 -113.57771245770465 95.8066754825573 -318.66243436099114
1338 -116.03196273449089 95.38857007354551 -319.6112074531869
1339 -111.51181348096898 94.5946631705473 -320.7795424772471
1340 -112.15335813472939 96.22396319190968 -319.91099549354675
1341 -109.71857015621698 93.72087715626196 -321.4640336039143
1342 -113.04790724796845 92.7964073800895 -320.22237270333517
1343 -105.6996439427952 90.50013317282443 -322.90066064761004
1344 -105.80899084292746 90.16812593011734 -322.76362775037967
1345 -102.30672405693167 94.3861448931032 -322.7118638058503
1346 -104.73559780821056 93.94307866927292 -321.8661514394069
1347 -104.43207274890821 93.16971551920385 -320.0436407376025
1348 -102.33855861501327 93.20362086119934 -320.7415358245797
1349 -104.47773260675609 94.64248029060822 -319.4700315129618
1350 -98.51941524294828 89.39843499963813 -320.58070988932155
1351 -98.45388157059351 87.48839167488408 -316.76728052545036
1352 -96.34153550732947 86.31305754797346 -315.5580701087607
1353 -98.53766162890673 85.96997352382498 -314.9075565402634
1354 -97.66279321872847 84.80975354327647 -313.3449705116318
1355 -99.58712799615051 83.94738084131927 -312.66555992633124
1356 -99.62546377914104 82.49344285005861 -309.0915928008733
1357 -99.00245491370451 83.12591569164043 -312.9494068133526
1358 -98.76493027561428 83.49284997886609 -314.90508751553375
1359 -100.3814929480915 83.44362822645729 -316.2457085783466
1360 -99.52684362533194 83.37270286460242 -318.138012523038
1361 -99.50418658630201 82.15306493532361 -316.4144399048726
1362 -99.19792222719403 81.49043237487868 -314.808662206658
1363 -102.76770712298851 81.39164746324411 -312.35575970678343
1364 -103.48773252748666 81.4215800230278 -312.2132828176303
1365 -103.79947937298718 79.56847704203548 -312.75730690549864
1366 -98.17561609597351 81.45977992039501 -313.94144847208787
1367 -98.46239803802588 80.81170663174105 -310.480717758944
1368 -95.69368416841918 81.37879029771196 -311.88119289793116
1369 -98.68470995482332 83.93168144076563 -310.6509815116237
1370 -100.22724084341594 83.93059844927228 -308.675830183166
1371 -95.96736669148706 84.0133759765164 -308.174565995486
1372 -94.7546544619974 84.3955498964718 -308.820696860017
1373 -94.88154503493581 85.06303738330674 -309.2405160038998
1374 -97.02856513605659 83.73535154369861 -307.6130345173628
1375 -92.26962235527313 85.55893572606537 -306.75182565439997
1376 -92.87965027416755 86.00550538713492 -305.20688036271804
1377 -90.76627699068288 86.8409256806391 -304.5366578319841
1378 -92.4240705110582 87.34849724557382 -302.59098808366906
1379 -87.66277469295568 87.77685682316663 -302.4925316774385
1380 -89.0128433478526 87.31203718161665 -303.1628770995037
1381 -90.48826069393657 87.6581629616395 -301.25323325472124
1382 -87.22121149970761 88.91445868952876 -302.4960692769059
1383 -88.60901554010798 89.79763907960005 -300.632425121149
1384 -87.79118098547005 92.35273348133052 -298.59836808555445
1385 -87.55728609926607 93.13407413740708 -297.14713011894537
1386 -85.15972572633048 94.28877957707687 -296.4336044565114
1387 -83.45533409695251 95.80716698288012 -295.6143713166734
1388 -83.64750339630152 97.68841015945675 -294.21407005886897
1389 -84.13821198780425 100.30003450311305 -294.380143252624
1390 -82.80889873463215 99.19635735702337 -272.2540600992009
1391 -83.30118974507789 101.29151622734392 -270.7388482795402
1392 -82.81373918245978 103.93786420991589 -271.3021730927883
1393 -89.71084296751084 119.21717270931194 -297.3027096814788
1394 -90.96479705782075 121.1776764590831 -296.84579742809393
1395 -88.75291628585484 122.66572480062484 -297.4540165624565
1396 -88.99699806538952 124.17264513331139 -297.4083507945056
1397 -88.77072286154092 123.83254113034542 -296.4066735189367
1398 -89.16137065631753 126.18006208932047 -297.9930979225328
1399 -88.85154218169389 127.65856938289933 -297.90578162463316
1400 -88.72594560156965 128.60478987228814 -297.67745408652803
1401 -88.75762937409014 129.71314604342393 -297.5820162887745
1402 -88.42059085635664 128.5184875114298 -298.4672619348077
1403 -88.4065954683804 130.4659582332722 -300.00257416502234
1404 -88.38015154413219 130.77510086333672 -298.4909953895699
1405 -88.24098979189664 131.89692450286896 -298.42551699069156
1406 -88.42411894166 132.61468262189936 -298.29773929726036
1407 -88.3457179463838 135.7826148196212 -298.8156933869156
1408 -88.16982067077346 136.49746221796 -298.6972466644472
1409 -88.01822546848223 137.25078461767478 -298.65224937559975
1410 -87.6739540177976 137.98219348226257 -298.5757036072143
1411 -89.08894433050112 138.22437318300896 -296.24496444902724
1412 -92.09450166646613 140.00958139051943 -297.1268474551907
1413 -90.42171284216381 142.6002278899956 -296.65739719615425
1414 -87.1421829865384 143.75707807268967 -299.24076731553015
1415 -86.9848318782078 144.50778114057292 -299.1715771997877
1416 -91.30590087424676 143.53224121202018 -298.53198509862005
1417 -91.28555043054972 145.15788532550113 -300.0515796674757
1418 -90.96414182125048 145.35618659643217 -298.25443329352566
1419 -91.2172887983302 145.58507056107644 -300.4774672521521
1420 -89.50720607830826 148.1818147483429 -297.9362519435877
1421 -94.85373591098812 150.37946456650465 -297.9991670138332
1422 -93.94637753875139 150.89080329306492 -296.1234081698542
1423 -93.56838518119717 152.8867320943898 -297.5596465291085
1424 -90.6185017750003 151.74317579672044 -296.8413355270796
1425 -90.72747021882788 154.2775204925993 -299.90748137891694
1426 -90.34131929063372 154.45891864186598 -298.2031611811317
1427 -93.95444931384989 155.99738587838056 -298.54821621593356
1428 -91.80122244445269 158.15147086160968 -297.7608536506194
1429 -90.7156052416799 160.25940294255005 -296.9098172072638
1430 -90.35205459415475 160.25655879468025 -296.94330646728247
1431 -88.33521212219443 160.31810130773522 -297.36027285764595
1432 -87.4777864639509 158.33570938586186 -298.5158555616257
1433 -90.60312901474038 158.95885975345152 -299.60227956466485
1434 -91.82871801611293 157.65090745331062 -297.4699991414016
1435 -91.82717419288934 157.8657272951225 -299.28370576680373
1436 -89.62580207983522 156.48438513385577 -298.21844576894745
1437 -88.23820642985623 156.26723555231933 -300.5600831256321
1438 -86.99059380226251 154.58688594085763 -299.16600573011067
1439 -85.87688038060888 154.05574535564702 -301.23253547835657
1440 -84.97439831136265 151.76510997553325 -299.75918147667244
1441 -87.28997636008677 150.5407970530773 -300.887950047285
1442 -86.18732063004953 148.1242801205923 -301.2074579569086
1443 -85.69993981509116 144.09694718054047 -302.3392052459852
1444 -87.3801086009791 143.10601207461963 -300.8180129369752
1445 -86.71159805076118 138.70271761715753 -303.91852534657676
1446 -86.50084513413496 137.43570257227526 -303.3571013612442
1447 -93.6012603966033 134.77568346625714 -301.5507900578553
1448 -98.26640584188613 130.7699999867699 -303.138530574605
1449 -104.15950835442592 131.48612281784722 -302.42952258412544
1450 -108.0452832742179 128.48873983458674 -301.9655893670836
1451 -110.70260710773431 127.9668397741324 -302.8392263678671
1452 -112.94193950589255 127.91778526150507 -303.6201859993
1453 -115.73800513249496 129.94001440360523 -303.2571125323625
1454 -117.35154941241515 127.56965187542536 -305.13817901692823
1455 -116.91268039759464 127.5117318756503 -306.9522342004086
1456 -118.59922264705946 127.48313664805255 -308.1079807689501
1457 -117.02225986396212 130.5303300662415 -311.6655631170287
1458 -116.76253643700136 126.04657512578603 -311.47134378251997
1459 -117.36588134195253 128.21722596620373 -308.7463298331698
1460 -120.59213998223643 129.226333183308 -309.4296458182284
1461 -116.81011949415078 130.73626065408243 -308.1648153505206
1462 -118.30871766802778 126.31816490324144 -309.27434653353725
1522 -149.93386684104027 132.67351181935632 -303.45679978620996
1523 -151.51044955858285 134.09107745940332 -306.8119347831228
1524 -151.85812483350222 133.1801097869414 -311.83956778446634
1525 -157.3400740462002 133.68699194453518 -311.51200702777106
1526 -154.95996692927454 133.52092668146258 -312.4787614440697
1527 -154.59719071882 133.00717990719585 -310.60109977707396
1528 -160.787593093883 133.69899469688983 -309.715162128152
1529 -159.05886445768755 130.8183009009555 -309.54503845113373
1530 -156.2424152229512 133.04501593986276 -310.22097858646595
1531 -157.28512772119163 132.20799062248224 -307.82714758767634
1532 -148.209168143433 122.25881866071796 -279.17182066434424
1533 -146.17026441623554 122.05040485594932 -278.40028421233905
1534 -144.57441618525735 123.01264533360953 -274.8798432165971
1535 -143.23182990604192 118.67614078149418 -275.5097695456072
1536 -140.29649661344416 119.93663283252349 -272.4824081478208
1537 -139.55933959254378 119.46024114563133 -271.1337035128908
1538 -136.58119884543197 119.22526817909387 -270.70195203992273
1539 -130.47340320465838 116.16693948216107 -266.4243070496689
1540 -132.42157099406677 114.65196702743646 -268.3350827578553
1541 -128.2491566929939 112.16033880242664 -269.21961243079784
1542 -124.48337964112318 113.79045598974473 -269.8133311821235
1543 -126.09670600948306 112.80231564636247 -265.7364493461473
1544 -121.21784191044786 111.61022778967883 -270.27796727131744
1545 -116.55293927838973 111.06544782025787 -270.14202539286026
1546 -114.73875773342316 110.65670247114524 -269.06949531657335
1547 -112.73559114709883 110.87913345392333 -269.6772487121138
1548 -109.97883363407085 111.2155988112527 -272.3819502910607
1549 -109.08537118819915 109.29905125983106 -273.67317925671495
1550 -105.68848464758 109.04115625175922 -274.8593970142261
1551 -101.36509150516855 108.6734875234174 -276.12310532342707
1552 -102.74294582986525 110.47106449958217 -275.02739476747547
1553 -101.78157236586092 106.48971407693597 -276.8686048263905
1554 -98.81830767545883 105.98149761202467 -277.6127661801732
1555 -98.91354843718038 107.77886184210962 -276.79792583120127
1556 -98.242263599598 107.77597602734276 -276.9519221870085
1557 -96.72430337637823 107.47406110741001 -277.39857172624863
1558 -97.69680369518909 107.64721600539364 -277.26587245834173
1559 -96.0199612862107 109.91316944149628 -278.7400378821078
1560 -94.1825564428133 109.52075065089697 -279.31979674884406
1561 -89.86162497892977 108.75034704320348 -278.7688916885981
1562 -91.41475623845282 109.31175020920463 -280.16645162094085
1563 -92.47598672438026 109.70826640734606 -281.40566061997856
1564 -91.74206206479307 109.00505786273021 -279.9460953862292
1565 -90.4867070278712 109.51734962074394 -281.9751479428738
1566 -89.5888188217752 108.78295558305693 -280.578186514243
1567 -88.08496273205137 108.39869299314338 -281.04472317499864
1568 -87.060846296444 108.73037599914231 -283.0023726210767
1569 -87.76402334216077 108.53545936523324 -282.74283469782523
1570 -87.58741309388702 108.53082157604675 -282.77032536141536
1571 -86.56374393101056 110.02353246714836 -282.3510003299771
1572 -85.73961283039236 107.83351765826028 -283.2883027831794
1573 -84.20918041758526 108.03901698032502 -283.67512096819127
1574 -82.26314252283787 108.3781258601987 -285.8881900209928
1575 -80.93000780849955 109.48243574805527 -283.89335273674624
1576 -80.81321704917123 110.02549559816005 -285.5290041997905
1577 -82.11320499520704 111.30615805429841 -282.7250398174981
1578 -83.36680357843416 108.10876039155376 -285.3709120581906
1579 -81.83356054505808 108.28313625054687 -285.7870042022612
1580 -81.4143304286691 111.36693928111278 -282.7664648261316
1581 -81.6259471901891 111.92048759612945 -284.3355653198005
1582 -80.81265191175042 110.15381193202688 -285.2505973137802
1583 -80.11856895191836 110.59301501197484 -287.0832396585289
1584 -80.50491314486344 109.98043680936445 -285.29853544507466
1585 -81.77687504932851 110.32711864280617 -286.61083079747067
1586 -81.31733546229157 112.52600391065917 -285.92286509473485
1587 -81.65740950276428 110.76479983731926 -286.50734586177856
1588 -81.67298442625871 110.44139621648341 -286.49988376496583
1589 -83.12202944911746 110.62038924928865 -286.3650304728463
1590 -82.29567359703962 112.59714885520626 -285.5256761888732
1591 -82.29567359703962 112.59714885520626 -285.5256761888732
1592 -80.25015375805714 113.03980385686678 -287.75323401140497
1593 -81.31496271360399 112.45058749621221 -286.0872010024124
1594 -79.11082038490193 110.65130188028348 -287.0985018455123
1595 -79.11082038490193 110.65130188028348 -287.0985018455123
1596 -80.54981132401541 111.04223530267234 -288.36213319376185
1597 -82.24658383730181 113.0096903786926 -287.11614255038165
1598 -83.3089616491751 113.05298038750561 -286.79262633450656
1599 -84.25413866818569 112.29551335639388 -284.86498812135056
1600 -83.195008094694 113.8689656462264 -282.80346483660855
1601 -83.35718635610202 113.86657488228911 -282.76229299579484
1602 -84.24374938211434 112.0857048412071 -283.2355825287375
1603 -84.74421603553289 112.08528209722388 -283.1228231851125
1604 -82.53435893647375 110.10371917547974 -284.6042781881979
1605 -83.03592058935331 109.87288438846372 -282.89175036490093
1606 -84.08111904257444 112.78348855223 -281.99134329237205
1607 -88.19055705374242 118.87852274592422 -289.15162167264
1608 -88.20920397133219 114.91059766718644 -271.01098986582593
1609 -90.45144366396067 114.95853378603218 -270.41238061225397
1610 -93.97212138103893 114.98221816778316 -269.4254329804371
1611 -97.62978499827247 115.03405180952137 -268.3325567813491
1612 -99.46330263907191 115.41463339068017 -267.90920009845456
1613 -103.39284458628109 115.78618025153338 -266.7420969850692
1614 -117.38865050147635 123.03907351215807 -299.30718638949236
1615 -120.71506602197843 123.41702675120541 -298.44589443892795
1616 -124.64090124606894 123.363168936801 -297.2970339067322
1617 -120.49225133425006 108.38098300448121 -265.1260309780683
1618 -121.72216493599652 109.14805344423141 -266.82607559236664
1619 -123.83226816674181 110.93230203890677 -265.7598395385499
1620 -129.20524966016882 111.34930054397469 -265.6698021317526
1621 -131.8857841458745 111.38302576796946 -265.0531669423792
1622 -140.1977619206206 122.32228686967288 -308.3492477909892
1623 -123.73745880797676 104.87536279509222 -312.97912610962413
1624 -138.85618849617816 114.41605339577089 -268.23999929466424
1625 -139.98136952784645 113.16859864858728 -272.5239321569049
1626 -139.47848421011366 110.43514490536833 -273.6102588843449
1627 -144.652833679801 127.82079115495127 -343.63176968756375
1628 -136.2312013571687 106.03109952643314 -260.00443781991777
1629 -139.85512441413962 107.87677047687589 -265.45323298279743
1630 -143.33923865764476 110.77094386055504 -268.65810872486
1631 -144.11212708150651 113.8834149476144 -271.48044880461816
1632 -143.35539281710393 114.39566049382961 -274.0171064852547
1633 -144.65963951073633 115.22641678088713 -275.4809150918116
1634 -144.86412603599575 116.1367649349792 -277.3761609758674
1635 -146.7451247723829 114.81673073249203 -279.4767581054954
1636 -149.82305572104042 117.7447815792745 -279.04506859008706
1637 -150.17182863851912 117.74798946051774 -278.97615878833534
1638 -150.5206305033417 117.75121069636887 -278.90727237890627
1639 -151.8942947775111 115.954772582506 -279.054780090143
1640 -148.22224716657243 115.34728435733261 -279.35375898867755
1641 -149.15807191719716 116.13899617067295 -280.8344360003315
1642 -150.8577339723263 116.32185962862204 -280.33816849138816
1643 -151.00804305579396 116.29976029420571 -280.2566060501326
1644 -151.02260316956094 117.24180521757982 -282.1837462857432
1645 -149.89386427398765 117.21840761811941 -282.599354624347
1646 -150.09371890670965 117.24439249752922 -282.6160685756935
1647 -151.00753417340283 117.09806701752694 -282.1896198802669
1648 -151.15839055920756 117.07550745118937 -282.10777796492556
1649 -149.0468858200661 117.10376927516698 -283.33216439480265
1650 -148.59490635789606 118.91374215249675 -282.80467002264675
1651 -150.70819923115363 117.3227821921451 -282.85106266873015
1652 -149.75338715167373 117.45578301359897 -283.2671589415388
1653 -150.1046758221656 117.45952739068478 -283.2038321793656
1654 -147.9123694253649 117.48829506824399 -284.45894870280245
1655 -149.17644288229877 117.60855574056731 -283.73721715524675
1656 -151.23443851265984 118.28385717618704 -284.7066591030203
1657 -150.98821084903602 118.5676475674263 -286.90389100655176
1658 -149.31654745773469 120.37316444732409 -287.1454736080549
1659 -149.46891027736802 120.3492771706713 -287.0639937277674
1660 -149.8232650172805 120.35259597252755 -287.00419582667024
1661 -149.46554393163 121.35752671730404 -289.12023082260674
1662 -149.44918085931027 121.35119524703617 -289.0988333749293
1663 -147.87309316426436 120.37988096186668 -287.86057562719327
1664 -148.97477724661005 120.20575707373735 -287.35227928817505
1665 -145.3270500696899 121.02782154983306 -291.1745928593751
1666 -146.55000421427945 120.84355767132695 -290.63595788869657
1667 -148.96582355429305 120.83472938710963 -289.3955571718603
1668 -144.7233118736863 120.83948569313429 -291.62079420448777
1669 -146.72677692247012 120.61515800147569 -290.71109801476166
1670 -148.71989014642273 121.60407713637133 -291.65701245256616
1671 -145.13534976554837 121.75458600881825 -293.35001128720177
1672 -146.08042020492894 119.58667361609268 -293.9001586510437
1673 -146.08042020492894 119.58667361609268 -293.9001586510437
1674 -141.17944573651403 119.15500207295273 -294.47255420192914
1675 -142.24024938308236 118.98631046463659 -293.6713638979762
1676 -144.5002356762515 119.0014576306036 -292.5597982764299
1677 -140.26336616701684 119.00633353755232 -294.6949931021877
1678 -140.26336616701684 119.00633353755232 -294.6949931021877
1679 -141.83783826951506 119.9828059745548 -295.7586939881253
1680 -143.99248858598588 120.92412885674892 -292.0906001145317
1681 -140.0639194354815 121.7763333480084 -295.9539814631328
1682 -140.0639194354815 121.7763333480084 -295.9539814631328
1683 -141.68923811092827 119.77401577172836 -295.9974340845763
1684 -141.68923811092827 119.77401577172836 -295.9974340845763
1685 -138.98546335266445 121.4331012600862 -296.52149455634714
1686 -141.4257246862766 121.77969633939861 -295.36549546821203
1687 -138.6879141345026 120.95505868691882 -294.76599955430487
1688 -139.35299732720046 121.37788044939515 -296.33455675397687
1689 -139.35299732720046 121.37788044939515 -296.33455675397687
1690 -139.35299732720046 121.37788044939515 -296.33455675397687
1691 -138.02206467012323 121.25660726718415 -297.12831022808683
1692 -138.66515125644477 120.29732766933323 -295.0134734047883
1693 -138.68990126858296 120.61273775771082 -294.8483556071572
1694 -138.68990126858296 120.61273775771082 -294.8483556071572
1695 -139.09880004034125 120.81070890621666 -296.64254139540043
1696 -138.3721470904545 119.96138127139503 -294.9808768547176
1697 -138.3721470904545 119.96138127139503 -294.9808768547176
1698 -138.35659821595388 119.58656161349188 -294.999704630135
1699 -137.83676103945572 118.7736935176261 -293.38310492154284
1700 -135.1242836189014 118.37211797245754 -294.5031722892741
1701 -134.48253492655724 117.96195253312325 -292.95006080428925
1702 -134.2817933685241 117.93282950894374 -292.9150180094587
1703 -133.62884040952983 117.1537984484093 -291.3889285742753
1704 -133.42891167323526 117.1249713319502 -291.3544080332653
1705 -133.27413371312213 117.14825252733799 -291.4283270871232
1706 -130.82542043635857 118.29332069961657 -289.7794964222294
1707 -129.95893217632494 118.26280662702428 -289.8717285420188
1708 -130.91270810543915 118.11566614447923 -289.50230872895537
1709 -131.76652383237712 118.29037625013791 -289.02272180710264
1710 -131.76652383237712 118.29037625013791 -289.02272180710264
1711 -132.25566477318182 119.09844618802674 -290.60882912546475
1712 -129.31032417259175 116.55872943550531 -290.805737081798
1713 -129.15517728954643 116.58175054967492 -290.8774380968454
1714 -129.36881700087753 115.543894076886 -293.51328502618685
1715 -132.719589738152 115.83579905949532 -293.7774104972453
1716 -131.87090252990095 115.0381722935899 -292.21109510146636
1717 -130.67043272715898 116.9949831870473 -291.41848022807926
1718 -129.1257168942617 116.18051791537175 -289.94384776326734
1719 -127.74611669844036 115.34959306368236 -288.408291942212
1720 -124.98985495513864 114.95282956362175 -287.2252962213957
1721 -123.89556382470042 114.69691273175746 -285.7584113401728
1722 -120.21800260397798 112.7205916659417 -279.2678025719683
1723 -116.61228921196576 112.45914981967672 -276.4177747608895
1724 -112.93648412188976 109.75324880964698 -274.540163109408
1725 -108.64390936789053 111.01515334269246 -274.44722830869637
1726 -94.5721163658521 108.61941035878327 -261.4103245222914
1727 -96.49825281075647 108.67740777763908 -271.214214325481
1728 -93.15714815782896 107.27489917292897 -268.3257600391188
1729 -88.80364800847036 107.08351018360679 -268.8794922013226
1730 -87.60981980164661 107.7515535438531 -271.5457904639411
1731 -87.74725290546013 111.14130895724378 -276.8350874614603
1732 -89.03168397896161 109.1051845355709 -281.04055175030896
1733 -91.7460859745202 115.47701731057194 -285.1400028925501
1734 -93.12691888419882 117.3031206937624 -295.2773896471859
1735 -94.48925172459846 119.11237937854929 -298.2551622322165
1736 -100.20144920074358 120.88209314574556 -300.15613491544445
1737 -105.18563207400129 121.59982527117879 -300.14612101859575
1738 -107.73764706702329 122.16249700253181 -301.02105086839475
1739 -109.78030203177059 123.30996860987706 -303.835860413407
1740 -109.72125794104866 124.20394686433306 -305.3452634242549
1741 -106.19309863291535 126.35352224238314 -305.4091956264414
1742 -106.00199911409075 124.95028651347906 -307.93387533923357
