123 -85.795470497318 21.30889858748494 514.8571061659235
124 -84.91773576848193 21.593217681837977 513.5847840902345
125 -84.62127780263101 21.945518219130193 513.8072476821189
126 -83.76591360756186 21.80058142241583 510.6209393153212
127 -83.76610943121774 22.144447168469203 510.62442959114475
128 -83.75431179846306 22.665686197368075 510.59145260226404
129 -82.9219099840413 23.366424216812245 507.4903935072803
130 -82.09931889372133 24.058824779962357 504.4252199667757
131 -81.83151182563415 24.655093233056807 502.7838868612113
132 -81.56530933314386 25.24763678006151 501.1524127517956
133 -81.56565471450094 25.923074272033404 501.1591593661698
134 -80.76049078867595 26.256322862825083 498.16225665605697
135 -81.04888710482486 26.248595364112507 497.9514604914594
136 -81.04863786541418 25.577321308442357 497.94524199633884
137 -80.77507724760827 24.661162557456752 496.29325118217173
138 -81.32459450519957 24.065325489725414 497.68452156972825
139 -81.06163293424629 23.31613713685309 496.070079681082
140 -81.61186746944382 23.05210815187361 497.4633868591729
141 -81.63436471076388 22.299697018584933 495.63811783388707
142 -81.6342670454891 21.965502235667376 495.63518750830315
143 -81.63408716833797 21.297134212616598 495.62941226993786
144 -81.63400495308842 20.96296085868582 495.62656733884046
145 -81.93194062583096 20.784143687738357 495.4505802311727
146 -81.9319098724712 20.450068687628796 495.44801535106876
147 -81.66794340928807 20.04809925491266 493.84877894060355
148 -82.21752438331657 20.109978222414572 495.23267107244914
149 -81.95264785410252 20.042092703273912 493.6365660111303
150 -82.50279339062149 20.103929175072963 495.019290671594
151 -82.50279339062149 20.103929175072963 495.019290671594
152 -82.22496038980921 20.208091091644917 493.38729726058415
153 -82.22496038980921 20.208091091644917 493.38729726058415
154 -82.78770909282422 20.431611235051967 494.8078251318223
155 -82.50896280058241 20.534710467680373 493.1766485416372
156 -83.06016505996372 20.597865879093405 494.55686355228545
157 -82.80456413943377 20.689159935012107 493.00141138449817
158 -82.80456413943377 20.689159935012107 493.00141138449817
159 -82.80458441931434 21.021793454739786 493.00390034676826
160 -82.80458441931434 21.021793454739786 493.00390034676826
161 -82.80461002359962 21.35443358941172 493.00641816795667
162 -82.80461002359962 21.35443358941172 493.00641816795667
163 -82.53849553970353 21.282888903426333 491.4214226155494
164 -82.55044865980467 21.44311213232683 491.4596001012255
165 -82.55043359041224 21.774748685877356 491.4619045165683
166 -82.55042383871087 22.106391644836553 491.46423774182585
167 -82.55042383871087 22.106391644836553 491.46423774182585
168 -82.00405545087119 22.370185115613015 490.1034851067835
169 -82.00405545087119 22.370185115613015 490.1034851067835
170 -82.00405545087119 22.370185115613015 490.1034851067835
171 -82.00405545087119 22.370185115613015 490.1034851067835
172 -82.00405545087119 22.370185115613015 490.1034851067835
173 -82.00405545087119 22.370185115613015 490.1034851067835
174 -82.00405545087119 22.370185115613015 490.1034851067835
175 -82.00405545087119 22.370185115613015 490.1034851067835
176 -82.00405545087119 22.370185115613015 490.1034851067835
177 -82.00405545087119 22.370185115613015 490.1034851067835
178 -82.00405545087119 22.370185115613015 490.1034851067835
179 -82.00405545087119 22.370185115613015 490.1034851067835
180 -82.00405545087119 22.370185115613015 490.1034851067835
181 -81.9922921319398 22.210360404799808 490.06612187908325
182 -82.00406406030545 22.03945371927731 490.1011438643163
183 -82.00406406030545 22.03945371927731 490.1011438643163
184 -82.00406406030545 22.03945371927731 490.1011438643163
185 -82.2677549591601 22.113155097378854 491.6776818123465
186 -82.2677549591601 22.113155097378854 491.6776818123465
187 -81.99226178181979 21.879645548524234 490.0635775801137
188 -81.99226178181979 21.879645548524234 490.0635775801137
189 -81.99226178181979 21.879645548524234 490.0635775801137
190 -81.99226178181979 21.879645548524234 490.0635775801137
191 -81.99226178181979 21.879645548524234 490.0635775801137
192 -82.2558958824523 21.952827536474548 491.63987830481875
193 -82.26776241421207 21.781408340840585 491.67533257969654
194 -82.26776241421207 21.781408340840585 491.67533257969654
195 -82.25586417727457 21.62109769951435 491.6373248509139
196 -81.99223670531494 21.548937378949734 490.0610619484949
197 -81.99223670531494 21.548937378949734 490.0610619484949
198 -81.99223670531494 21.548937378949734 490.0610619484949
199 -82.25586417727457 21.62109769951435 491.6373248509139
200 -81.99223670531494 21.548937378949734 490.0610619484949
201 -81.99223670531494 21.548937378949734 490.0610619484949
202 -81.99223670531494 21.548937378949734 490.0610619484949
203 -81.99223670531494 21.548937378949734 490.0610619484949
204 -81.99223670531494 21.548937378949734 490.0610619484949
205 -81.99223670531494 21.548937378949734 490.0610619484949
206 -81.99223670531494 21.548937378949734 490.0610619484949
207 -81.99223670531494 21.548937378949734 490.0610619484949
208 -82.53851977757515 21.614508300173 491.4239312430445
209 -82.53851977757515 21.614508300173 491.4239312430445
210 -82.5385493340552 21.94613436828435 491.42646868537196
211 -82.5385493340552 21.94613436828435 491.42646868537196
212 -82.55043359041224 21.774748685877356 491.4619045165683
213 -82.5385493340552 21.94613436828435 491.42646868537196
214 -82.5385493340552 21.94613436828435 491.42646868537196
215 -82.5385493340552 21.94613436828435 491.42646868537196
216 -82.5385493340552 21.94613436828435 491.42646868537196
217 -82.2558958824523 21.952827536474548 491.63987830481875
218 -82.2677549591601 22.113155097378854 491.6776818123465
219 -81.72194673535473 22.04617048860824 490.31342824153626
220 -81.9965804021914 22.612196785786324 491.9307423868045
221 -81.47501209723445 22.86390641430894 490.6407213103734
222 -81.48682887838144 23.35502617234737 490.680342536773
223 -80.94414467096207 23.614845583550434 489.3232388590602
224 -81.20377147440591 23.693285554744453 490.893302018889
225 -80.93241580630806 23.86081825321136 491.1419224647863
226 -80.39091818420233 23.789074415362407 489.7807060768462
227 -80.11949371009655 24.2866945265053 490.02889783175846
228 -80.38819507021874 24.85927597068939 491.6403315317864
229 -79.85930063623366 25.27543253647864 490.3150644783893
230 -79.5751672382936 25.61376854838421 490.52416400910096
231 -79.01820485347626 25.78958853891664 490.9763051059717
232 -78.15046581056448 25.65200367665499 491.55634410739157
233 -77.05670930131696 25.750518957355585 490.63716640768854
234 -76.18507893933 26.273909608887944 491.2077080403092
235 -75.62136692308111 27.11153562178673 491.6480544133424
236 -75.28460743580277 27.88033354820516 493.6223549394735
237 -74.70498968043154 28.22836134460934 494.0211722842731
238 -74.11274857405759 28.414946647543722 494.38130904279745
239 -73.77765682697114 28.35231707435115 496.39496226441645
240 -72.65510924785936 28.12061097249074 495.35766919554084
241 -71.76525239943588 27.98096565603791 495.90058148654236
242 -71.12177780541461 27.588456299764896 498.0978673870789
243 -69.91541578032947 27.290716140737043 498.7819354333317
244 -68.9354155811293 27.2441036611739 501.0953781744021
245 -68.68582043666403 27.369853948061483 506.47988497868056
246 -67.66827374297317 27.15429641053538 508.78413357090324
247 -66.95698265292754 26.754312945681317 510.94350688682493
248 -66.44308089895375 26.270838056049485 514.742805607511
249 -66.14671115194946 26.38472575928757 520.3277322196141
250 -65.31620779626164 26.58628719849481 524.4866123764377
251 -64.244452917168 26.526341388187667 526.8914121747675
252 -62.640694437879866 26.199719934031066 527.7553060469247
253 -62.0848812224572 26.039063954917392 531.7784992954173
254 -60.78352582362592 25.347648024238325 532.4444520396056
255 -60.00403056536207 25.448179020567004 534.7199829367564
256 -58.690526784474926 25.465513288818947 535.3773764030632
257 -57.894840650439335 25.565793088650516 537.6512978079352
258 -57.090939187673996 25.66626647297925 539.9311099522748
259 -56.09046987692927 25.318502004140814 540.3991067347298
260 -55.07688478737475 24.793489543272628 540.8158444752954
261 -54.59920892600684 24.341478475138217 542.9691908624956
262 -54.095949338775256 23.892682738154736 545.0465526326062
263 -52.90290077796602 23.458212786396295 543.6681954948523
264 -52.74100337862623 23.18037828142067 545.6355078963595
265 -52.06193907300428 22.823686300564223 545.9253752482658
266 -51.895636096341036 22.54244256233332 547.9020737932974
267 -51.04121578471657 22.106578977335623 546.3513280123989
268 -50.70034769032757 21.746383830161808 546.4897170653813
269 -50.359560351437075 21.748970312716416 546.6334705077345
270 -50.52828131805256 21.46110021874372 548.4635418874312
271 -50.175477392909976 21.284728591706607 548.5585561828223
272 -49.843243245934325 21.101870822197586 548.7426868063378
273 -49.83302574463498 21.287141534160323 548.7008337851679
274 -49.50084946542772 21.468479360166302 548.8904544082665
275 -49.14772481481878 21.656140849182027 548.9896031544334
276 -49.32356487762362 21.911831541076893 550.8856121078951
277 -48.97913934000996 21.914234668482504 551.0257073348242
278 -49.134163591054644 22.17777873617423 552.8435726871531
279 -48.79881441583837 22.36051070564674 553.0313205660173
280 -48.96385184333546 22.439317926957134 554.9028913825649
281 -48.616877744397364 22.809725181981772 555.0481543530595
282 -48.269654804961874 23.180207573233726 555.1926866170908
283 -48.4333153641709 23.261902433431246 557.0762985706253
284 -48.08427056513974 23.264287186395777 557.2134957179884
285 -48.248113163550784 23.71706705569491 559.115844047397
286 -47.897596686851784 23.71945321368261 559.2523059607465
287 -47.546835681014464 23.721802518632682 559.3879702097058
288 -47.709261067364615 24.17762954066788 561.3025954436689
289 -47.356645733343846 23.808024214249166 561.4305717085341
290 -47.356645733343846 23.808024214249166 561.4305717085341
291 -47.00416590110281 23.810288267147087 561.5646577531337
292 -47.15427308538565 23.710837670672245 563.4350458068177
293 -46.641035310980435 23.629223515366846 561.6487586151918
294 -46.800337300696526 23.713008736287108 563.5683116649479
295 -46.28771059446024 23.259315750438322 561.7739983594369
296 -46.28771059446024 23.259315750438322 561.7739983594369
297 -45.93415347305545 22.889294093747623 561.8984103563616
298 -45.93415347305545 22.889294093747623 561.8984103563616
299 -45.94418934249078 22.700523687015544 561.9411546892736
300 -45.59076150952025 22.70250681710401 562.0719610613951
301 -45.58036547862978 22.519160163169786 562.02199375961
302 -45.57998063058304 22.147054293421775 562.0147926534611
303 -45.590038298163286 21.95825568422201 562.058047779115
304 -45.57959717769256 21.774960638698815 562.0076071317882
305 -45.58967878200756 21.586147955199454 562.0511144835612
306 -45.5792151190464 21.402879168399885 562.0004371850497
307 -45.589320657644414 21.214052077048787 562.0441967389651
308 -45.589320657644414 21.214052077048787 562.0441967389651
309 -45.589320657644414 21.214052077048787 562.0441967389651
310 -45.589320657644414 21.214052077048787 562.0441967389651
311 -45.589320657644414 21.214052077048787 562.0441967389651
312 -45.42429267501912 20.95612273830897 560.0863518452538
313 -45.43438021735493 20.76787133725492 560.1300958265889
314 -45.43438021735493 20.76787133725492 560.1300958265889
315 -45.942384053329874 20.840205134677234 561.9065852751897
316 -45.942384053329874 20.840205134677234 561.9065852751897
317 -45.786564493538684 20.766097048759498 559.9993827135631
318 -45.786564493538684 20.766097048759498 559.9993827135631
319 -46.295568447521745 20.838409370635368 561.7750696198426
320 -46.138513478478075 20.76429009258804 559.8678686569519
321 -46.138513478478075 20.76429009258804 559.8678686569519
322 -46.138866315012585 21.13506660670095 559.8746596506969
323 -45.98279228945229 21.060202161566373 557.979382136485
324 -45.98279228945229 21.060202161566373 557.979382136485
325 -46.49057991220852 21.133181786085157 559.7423256389268
326 -46.490935619937524 21.503924757294858 559.749112964484
327 -46.33362777424569 21.427837848509032 557.8537743313701
328 -46.33362777424569 21.427837848509032 557.8537743313701
329 -46.33397811263271 21.797380878526855 557.8605065679958
330 -46.17765001895181 21.720567101792195 555.976983671915
331 -46.188058680707776 21.90189896591807 556.0264517037745
332 -46.684582844106906 22.16486913215898 557.7340784342214
333 -46.527377209849554 22.455156383272776 555.8571785512681
334 -46.87652466574749 22.821279215470735 555.7298852400834
335 -46.729079337913134 22.922035505841368 553.9063738871323
336 -47.57410953414601 23.553170807202886 555.4728713511969
337 -47.77146002546485 24.016007148790802 553.5187756660139
338 -48.46484507772512 24.37778676446003 553.2500064592143
339 -49.6707929285924 25.191044930039173 554.7162932870025
340 -50.54987158192375 26.00815113814432 552.4773362596134
341 -51.594294981566385 26.91198405516884 552.1025036169941
342 -52.44877959044905 27.90386519814342 549.8191862812655
343 -53.826104197818466 28.798268220725387 549.2778452052663
344 -54.6744296040618 29.592841124287443 547.0277390949935
345 -55.6908640659436 30.306693108097342 546.5754340424747
346 -56.17756967998494 30.55558361644236 544.4316212891562
347 -56.860856248054304 31.086122324484432 544.1641972581909
348 -57.19690355160387 31.443240603033892 544.0104327362064
349 -57.33968575574998 31.6914668511263 542.0309793112406
350 -57.674001830331655 32.04708032103534 541.8758544125607
351 -57.82424484060267 32.109211460485 539.9431179239396
352 -58.4889156163715 32.457800984091364 539.6244073782539
353 -58.64551467488697 32.69390092799754 537.7416344241209
354 -58.77966327640998 32.93443575507603 535.7914909621263
355 -58.93349173755582 33.16690426180818 533.9285837121939
356 -59.40164587367797 33.57188876657274 531.8738528442896
357 -59.66798311687213 33.859729648101435 528.0798540056128
358 -60.25999098883095 34.3080307960611 524.1974775702104
359 -61.15815779667925 34.74177007467196 520.1816877786689
360 -62.352819980260605 35.15995435622231 516.0257247010358
361 -63.62786888319902 35.10385410057124 510.0693306703902
362 -65.67228335702009 34.97655021402443 505.4129030316586
363 -68.47598641079236 34.77748228146715 501.9662935449319
364 -71.9850865311492 34.791510048473725 501.4962397301443
365 -75.18179124642985 34.81002727186042 501.1518316806178
366 -77.54029278024889 34.55803484136688 499.57304226826597
367 -79.85205497015096 34.312425375287994 497.88395107608034
368 -82.97570454587607 34.10679663996085 499.2121703921007
369 -85.53035900791551 33.96861751244766 499.0599367454781
370 -88.93391296947175 33.91796725330535 500.055788680714
371 -91.7699912220271 33.92605356598509 499.6254640333056
372 -94.90536405999494 34.04493403212631 500.8012982720541
373 -98.09778649172904 34.29057070626516 503.8702132363769
374 -99.81747302136327 34.342391533501846 504.3140882332604
375 -101.23359301218639 34.7599586159654 504.92634971242137
376 -102.67938741943198 35.167420206443424 505.60657269986024
377 -104.12758705120541 35.575720464145334 506.28139930708056
378 -104.94902448086836 35.53320100923727 505.499344596562
379 -106.7450734412956 35.898526038440515 507.84483447834157
380 -107.30398116153724 36.0356026077575 507.34825206427945
381 -108.20103189875611 36.308819820732445 508.50638540842783
382 -108.4729928297557 36.29386162504316 508.2373887886266
383 -108.74448863158811 36.2788592960708 507.967847191091
384 -109.01501040818727 36.60855430153611 507.69790313210274
385 -109.28556980285425 36.59332260621773 507.42726285435907
386 -110.18667285222648 36.867937673259746 508.5826625867609
387 -111.10586339947746 36.96465570647816 509.7774408887795
388 -111.64540207002312 36.93336707923192 509.2262375208704
389 -112.18350558315808 36.556182169382495 508.6725447826605
390 -113.36095813258962 36.469061083766896 509.54909365169317
391 -113.89558988095781 36.43751285479023 508.98840644709446
392 -115.73991610497936 36.46078554604806 511.336944002204
393 -117.20736437611615 36.5239492387259 511.96013570129577
394 -118.6766466901975 36.586722098611766 512.5772997415239
395 -119.19065756072835 36.385924565097056 511.95821748059524
396 -120.39708489719759 36.11503881637829 512.8574472829685
397 -121.16965279725964 35.548811873127505 511.93334671957575
398 -122.62346398594907 35.44056386951671 512.4902475747521
399 -123.81967522903479 34.99821585977516 513.3425484411844
400 -125.30654866873135 34.523484461691666 513.9578877439695
401 -126.0649441388809 33.95599829476494 513.0010207881874
402 -127.5349694933294 33.66091112061579 513.5661452036161
403 -128.2845245195359 33.4439031717212 512.5962335990589
404 -130.19582290166653 33.09769057459012 514.9231938190281
405 -130.70189069726516 32.71348519462065 514.2874007775175
406 -131.45713163996726 31.962811882326776 513.3295793906888
407 -132.67563040305743 31.678089176006203 514.1839098891467
408 -133.15954848087102 31.477973715470497 513.5028621588539
409 -133.65652566829374 31.09510418281785 512.8549559361389
410 -134.61220451126147 31.00757280103865 513.9885057823551
411 -135.1064014365388 30.624387113524662 513.3339870408479
412 -135.35276748930488 30.257503696517766 513.0053072266817
413 -135.59843834646452 30.24179072999171 512.67769502544
414 -135.85908740862504 30.042846013620842 512.3850580950799
415 -136.08831247504074 29.85978854406135 512.0196452695287
416 -136.8173797856157 29.60110895572648 513.5093126798956
417 -137.06166098684434 29.585555829408502 513.1784452613473
418 -137.061865856287 29.234256320792205 513.1771131429795
419 -137.30582200315192 28.867742855294438 512.8445308372794
420 -137.30605920735536 28.516639142025426 512.8433113976332
421 -137.549503752869 28.150655094190682 512.5104129070979
422 -137.54977354307832 27.799747067451452 512.5093064740416
423 -137.5500574295861 27.44884538525791 512.5082485857623
424 -137.55066747929752 26.747060658379397 512.5062784006537
425 -137.55133387752977 26.045300121584564 512.5045022658416
426 -137.55168819966016 25.694428677103467 512.5036869403698
427 -137.55283562105964 24.641848452666455 512.5015318020365
428 -136.82411455669546 23.864911112324933 511.0152072343321
429 -136.80796556856785 23.348348714977284 510.9738242869132
430 -136.56572216956909 22.660708576230792 511.3019776017034
431 -136.54944026004085 22.143981185147453 511.259925574095
432 -135.84199300491872 21.542457158507435 509.8221042917089
433 -136.30692836391873 21.105247969724875 511.5865149825926
434 -136.30730741817345 20.755132564129585 511.58580916199094
435 -136.06355878472317 20.415740078293293 511.9135936410704
436 -136.06395997868475 20.065454488921965 511.9129652276103
437 -136.5480073262537 19.78889725204576 513.7324052269677
438 -136.53084140451008 19.621497845030394 513.6890938509308
439 -136.5484278703063 19.437422944388356 513.7318409066646
440 -136.5484278703063 19.437422944388356 513.7318409066646
441 -136.53118754690277 19.270043267496487 513.6882806734334
442 -136.53118754690277 19.270043267496487 513.6882806734334
443 -136.06524594158094 19.014627044068554 511.9113663814598
444 -136.7938261709939 19.075911370874167 513.4015339163307
445 -136.77613774135855 19.25992853523058 513.3585286793017
446 -136.29181141534514 19.18804810442169 511.5402596467058
447 -137.02053646202995 19.249791655917324 513.0283113681086
448 -137.02053646202995 19.249791655917324 513.0283113681086
449 -137.02053646202995 19.249791655917324 513.0283113681086
450 -137.281647734497 19.406686615269706 512.7410188139145
451 -137.281647734497 19.406686615269706 512.7410188139145
452 -137.281647734497 19.406686615269706 512.7410188139145
453 -137.281647734497 19.406686615269706 512.7410188139145
454 -138.01497657121337 19.469213535048365 514.2360910820169
455 -137.50730992278633 19.580179929769642 512.3672269200217
456 -137.52450714446002 19.747144523440838 512.4103091112341
457 -137.50695594269965 19.930913284784047 512.3680136545372
458 -137.52407812345274 20.09789711679612 512.4108473337526
459 -137.52407812345274 20.09789711679612 512.4108473337526
460 -137.52407812345274 20.09789711679612 512.4108473337526
461 -137.52407812345274 20.09789711679612 512.4108473337526
462 -137.28078689455037 20.108551318443677 512.742083961333
463 -137.28078689455037 20.108551318443677 512.742083961333
464 -137.2633376520957 20.29237928428113 512.7000465000044
465 -137.28037742306137 20.459491040180623 512.7426888531791
466 -137.27998192143608 20.810435806311784 512.7433419717943
467 -136.56787705757196 20.91089408029441 511.2992950178591
468 -137.0357731290203 21.17256267728303 513.0748733623719
469 -137.05277802461552 21.339862789865858 513.117326122355
470 -136.32338957179562 21.622196413216543 511.6292387955916
471 -136.32338957179562 21.622196413216543 511.6292387955916
472 -136.8079596994604 21.702461339060967 513.4482865709256
473 -136.8079596994604 21.702461339060967 513.4482865709256
474 -136.8079596994604 21.702461339060967 513.4482865709256
475 -136.7910369139277 21.535034282690653 513.4060259217857
476 -136.06243762754144 21.466627530844576 511.91576542909604
477 -136.07969065816732 21.283244523587637 511.9572673823022
478 -136.07969065816732 21.283244523587637 511.9572673823022
479 -136.07969065816732 21.283244523587637 511.9572673823022
480 -136.07969065816732 21.283244523587637 511.9572673823022
481 -136.07969065816732 21.283244523587637 511.9572673823022
482 -136.5634526926703 21.362362176484478 513.7777078658902
483 -136.06243762754144 21.466627530844576 511.91576542909604
484 -136.07925668149997 21.633563578399826 511.95779171542966
485 -136.56302662386565 21.713880178823523 513.7782628787114
486 -136.56302662386565 21.713880178823523 513.7782628787114
487 -135.83457520840128 21.644906272707246 512.2858809424648
488 -135.85150729061033 21.811993116907637 512.3282117036262
489 -136.3340899922819 22.244683637948555 514.150767871445
490 -135.6227572863229 22.341376820039248 512.6986387138917
491 -135.393440619099 22.87139409684299 513.0685449886769
492 -134.91602244767842 23.765559616751098 513.7642285282119
493 -134.43630789171354 24.661607732165475 514.4578206116538
494 -133.23086350590768 25.830249780247314 513.6487580037418
495 -130.7971104289917 27.12005346547944 511.94586989283596
496 -128.8275066085126 28.50163175678619 512.0352317120808
497 -125.44500011793178 29.87757790004632 509.1110008365644
498 -122.94669555817251 31.456258287044886 509.7263366687796
499 -120.01752501345696 32.22410924421192 508.5375253998647
500 -117.10948385201473 32.459963126191234 507.35759983368666
501 -114.57362720245524 32.47417386775133 507.8226177334851
502 -112.33196316066267 32.62447108249136 508.0729538251621
503 -110.16123960219826 33.26011779545274 510.24377750581493
504 -107.60494577985759 33.945940799671945 510.66465922709955
505 -105.3006471999015 34.44837524820484 510.7500247305477
506 -103.00193306586593 34.768805777726584 510.837004503033
507 -101.32047339716746 34.84734276511532 512.3737721077486
508 -99.27358192273515 34.63704466053332 512.1155444261268
509 -97.53319949313862 34.40184092776267 511.65485923561226
510 -96.09355627531781 34.294848406678646 512.8452119289516
511 -94.0368996193792 34.08099107560867 512.5291872691829
512 -92.29158518556265 33.843811490129795 512.02222456797
513 -90.82853652342682 33.73183552119516 513.1568616538215
514 -88.77088534223623 33.55774715331934 510.879220399139
515 -87.29936449402122 32.97605483009003 510.04536040521083
516 -85.84230215768352 32.21907366780555 509.2366238114424
517 -84.96211555587962 31.217434963822384 509.8864590214405
518 -83.80064970854409 30.11181998132309 508.84338389414563
519 -82.63205439455096 28.845195566664806 507.7657957031188
520 -81.78445888806196 27.907041872063125 506.5488001126695
521 -81.2119872950836 27.31641046116442 505.06111504714244
522 -81.21173413317216 26.97623213878687 505.0572678717455
523 -80.94603999526159 26.207684516138215 503.3998902665333
524 -80.41937860120949 24.348093614622112 500.1121827671043
525 -80.70838133824854 22.320238121358678 499.8817161258429
526 -80.18624891089193 19.49325000902251 496.62800168173226
527 -80.17353962306376 17.323948435169715 496.56962853634406
528 -80.72137126649906 15.701052068705192 497.9536236192338
529 -80.46045623583875 13.974673649980971 496.3316077294405
530 -80.99631514996501 12.181521126730058 497.671721360817
531 -81.83642016298134 10.201636320896805 498.8485759736999
532 -83.22201240412029 8.953070352433643 503.31233625920567
533 -83.22188053753058 7.936014370667274 503.30450351712574
534 -83.49852462583283 6.754172438722651 503.0338268615234
535 -84.06334838476486 5.759906481931524 504.4613890330633
536 -83.78834540886389 5.058662662440334 502.8054149971503
537 -84.06320239736866 4.400731646616344 504.4511735110426
538 -83.77430228384712 3.87989082718316 502.7483712493343
539 -83.78826741483239 3.3651062603615776 502.79322618696955
540 -83.77416590147247 2.863887084857101 502.7405936597086
541 -84.33955845813908 2.538362149639627 504.17182333105774
542 -84.35381208662452 2.0220290787260917 504.2179918787187
543 -84.35382880620908 1.682392266665104 504.2157328043751
544 -84.90811886317226 1.5298364831423976 505.6062182932868
545 -84.90809559102674 1.189270191850479 505.6037520993761
546 -84.90807762249406 0.8487093783209579 505.60131475894445
547 -84.90807762249406 0.8487093783209579 505.60131475894445
548 -84.90806495569815 0.5081539852887602 505.598906262057
549 -84.90806495569815 0.5081539852887602 505.598906262057
550 -84.90805758876085 0.1676039555158612 505.5965265987698
551 -84.90805758876085 0.1676039555158612 505.5965265987698
552 -84.9080555198015 -0.1729407682087104 505.59417575913096
553 -85.46524940120126 -0.3310355230014337 506.9913330812838
554 -85.46524940120126 -0.3310355230014337 506.9913330812838
555 -85.47994173738674 -0.5089663744478246 507.04188847385774
556 -85.4652068334118 -0.6725133289001967 506.98877341536945
557 -85.18427142035901 -0.6760576362843337 505.32105322489355
558 -85.47994589911035 -0.850474757185468 507.03957335841307
559 -85.46516960938784 -1.0139856272072025 506.98624272363185
560 -84.89338988781354 -1.017057483089337 505.5365260295108
561 -84.89336269247359 -1.357550469093986 505.5340472988465
562 -84.89336269247359 -1.357550469093986 505.5340472988465
563 -84.87870809849049 -1.520523405794683 505.4809635409443
564 -84.89334078933594 -1.6980380991630728 505.531597360256
565 -85.17327608410775 -1.69773298720412 507.1998053350175
566 -85.15850619683037 -1.8612071991521395 507.1461697459771
567 -85.17325120481809 -2.039294297690493 507.1973375786125
568 -85.17325120481809 -2.039294297690493 507.1973375786125
569 -85.15844010774697 -2.202731592571711 507.14348650251924
570 -84.60206351889754 -2.3800236523495064 505.74404895450084
571 -84.60206351889754 -2.3800236523495064 505.74404895450084
572 -84.60206351889754 -2.3800236523495064 505.74404895450084
573 -84.58731093486115 -2.5429564505194264 505.6902824428926
574 -84.88100552989876 -2.3818797133632383 507.4127868677343
575 -84.8661783699211 -2.5453499168300424 507.3586799552754
576 -84.8661783699211 -2.5453499168300424 507.3586799552754
577 -84.88100552989876 -2.3818797133632383 507.4127868677343
578 -84.31043304568013 -2.381049793083394 505.9607160712283
579 -84.31043304568013 -2.381049793083394 505.9607160712283
580 -84.31043304568013 -2.381049793083394 505.9607160712283
581 -84.58839680172916 -2.3829091336806774 507.6300729321914
582 -84.0037828260043 -2.2043958199960865 506.1256158785208
583 -84.0037828260043 -2.2043958199960865 506.1256158785208
584 -84.01844469712667 -2.0412867381473907 506.17924804755927
585 -84.01844469712667 -2.0412867381473907 506.17924804755927
586 -83.45172012200041 -2.041428585781628 504.734234244662
587 -83.72605844569391 -2.0422096834524117 506.39473947940365
588 -83.72605844569391 -2.0422096834524117 506.39473947940365
589 -83.72605844569391 -2.0422096834524117 506.39473947940365
590 -83.72605844569391 -2.0422096834524117 506.39473947940365
591 -83.15993227868755 -2.042348966016437 504.94852065661337
592 -83.43329393332112 -2.043133044318925 506.6096293484521
593 -82.86776860795217 -2.0432697583171526 505.1622084464068
594 -82.59703067470349 -2.042487455293596 503.51053926216855
595 -82.6115334382669 -1.8802048700714151 503.5637793570394
596 -82.5970525043088 -1.7035261844569418 503.51300980682527
597 -82.61151561580182 -1.5412071665128704 503.5660381133759
598 -82.5971113029797 -1.0255875348368846 503.51803511216514
599 -82.5971482756789 -0.6866100447548681 503.5205898925029
600 -82.05167396876239 -0.5286229971116333 502.14278839903363
601 -82.05167200245556 -0.19056499720382983 502.1451374942731
602 -82.0516830895822 0.48556684558001395 502.1499195253105
603 -82.05171421504049 1.1617201818741796 502.15481340884793
604 -83.18888584578063 2.0234530014184546 505.080048159753
605 -88.1201551499319 2.912210780661248 530.7901061912296
606 -90.89789767071133 4.4381639929075485 539.1204239613626
607 -92.82353276430605 6.165878927681622 546.3191871702455
608 -94.46380861671912 7.9060245448699495 551.7404143273354
609 -95.80094563053161 9.876991134173906 557.4557187935233
610 -96.83139737090369 11.645770182639277 561.3095605245452
611 -97.87583511013494 13.4387415472562 565.214882166336
612 -98.26631462155902 15.385495849203153 567.4045506665653
613 -99.33143225327387 17.60712253444051 571.3928105678466
614 -99.03795239688493 20.288359861676682 571.7733842107082
615 -99.07051462514208 22.965288628934907 571.898719857446
616 -99.07013437623024 25.26931525318848 571.9117390423401
617 -92.61131136485706 30.13649944330395 533.4175024499642
618 -93.22548384071524 33.130583632378375 535.0351490913143
619 -93.55930379188865 35.63346915989061 534.9129157839812
620 -93.58859948782123 38.50822998799492 535.0328644932462
621 -92.35297242941974 40.590383153197706 531.8889011499102
622 -91.78106394173041 42.93262556168669 532.4857555013308
623 -91.19478918810796 44.38566031719892 533.0338164393204
624 -90.61694252573453 46.015337497612855 533.6065739786327
625 -90.34333396684525 47.27316557087087 533.9374044239888
626 -90.0592806942407 48.717195478958246 534.2430821286068
627 -89.45572592352325 50.53306639828127 532.6865477561829
628 -88.55051136095975 51.80296826447608 529.3128137030087
629 -88.23772016608565 53.072583624270216 529.5356333321259
630 -87.34811279845282 53.98189949673887 528.2397912281467
631 -88.26344115469756 55.791169473417916 533.7468205328959
632 -88.59250885495362 57.56125233878198 533.5865302328727
633 -87.97805684266326 59.13778548326024 529.9345149953831
634 -87.97980009744897 60.56618893505805 529.9541117633823
635 -88.59013489585939 61.82887707602498 531.5635515816435
636 -88.28733204041684 62.33283300091184 529.7515124106225
637 -88.89746654162185 62.88425898092457 531.3498258687077
638 -88.59312020635791 63.02757094759297 529.5333305059446
639 -88.58475079507485 63.21134827118531 529.5190502084359
640 -88.59361164241388 63.384568209525725 529.5385098773826
641 -88.59361164241388 63.384568209525725 529.5385098773826
642 -88.28241240976881 63.3531220203125 527.7144033191237
643 -88.88971185081449 63.54870320459916 529.295401015561
644 -88.29118557611706 63.52572746048818 527.7334869123345
645 -88.29118557611706 63.52572746048818 527.7334869123345
646 -88.8985301614099 63.721831431891026 529.3145908908381
647 -87.98144656346429 63.13923282738633 525.91575021827
648 -88.29118557611706 63.52572746048818 527.7334869123345
649 -88.58631625382404 63.68925747006033 527.4914210559364
650 -88.29168054592736 63.881572563684315 527.7386827109718
651 -88.29218119527285 64.23743044913134 527.7439096582018
652 -88.2926875258612 64.5933011797221 527.7491677634875
653 -88.29319953939739 64.94918481837341 527.7544570362829
654 -87.99266942007311 65.08474286894857 525.9607551860859
655 -88.29424062212158 65.66099107164425 527.7651291221745
656 -87.68255527979045 65.64256978252956 526.1811873418778
657 -87.38503516388961 65.77555591234386 524.3984175942369
658 -87.68369884334199 66.35236465498983 526.1924277622653
659 -88.2855807247547 66.80275762833153 529.8033940142681
660 -87.98427415015244 66.93293623905197 527.9979020665462
661 -87.98093052640098 67.18062820276229 530.0370010236885
662 -87.68067933031006 67.3096935223179 528.2308166185769
663 -87.37417710873268 67.26592535197564 526.4199408657456
664 -87.07127522966881 67.64165904400527 526.6517557052616
665 -86.76733545459996 67.6622183917995 526.8769251975006
666 -86.46363530778069 68.0381136255576 527.1074867563857
667 -86.75940154036478 68.26808882054591 528.9100460795672
668 -87.05770865340381 68.85731939281321 530.7302414773342
669 -86.75084319053805 68.87802915689907 530.9554396244356
670 -86.75150643416481 69.23594477215177 530.9616486154404
671 -86.75150643416481 69.23594477215177 530.9616486154404
672 -86.75955587092534 69.40932436135002 530.9771829872841
673 -86.75955587092534 69.40932436135002 530.9771829872841
674 -86.75217514805615 69.59387474756724 530.9678883292357
675 -86.75217514805615 69.59387474756724 530.9678883292357
676 -87.05871850414516 70.00437795720275 532.8097214991994
677 -87.05871850414516 70.00437795720275 532.8097214991994
678 -86.76018133648327 69.76723623262505 530.983188916553
679 -86.76018133648327 69.76723623262505 530.983188916553
680 -86.76018133648327 69.76723623262505 530.983188916553
681 -86.75217514805615 69.59387474756724 530.9678883292357
682 -87.05837417407669 69.21512659756118 530.7364454006871
683 -87.05770865340381 68.85731939281321 530.7302414773342
684 -87.05639413816633 68.14174784133498 530.717926085976
685 -86.4442024954602 67.40243297863285 529.1062328654277
686 -86.44285590560213 66.68905773745675 529.0937265640117
687 -86.44153111533481 65.97573933152384 529.0813426529855
688 -86.13405050659526 65.28199256963063 529.2928729383774
689 -86.14064832188274 64.38489765294892 529.2929973987192
690 -85.82433353667933 63.51743422742257 529.4858232076223
691 -85.22480395011456 62.610534761966285 527.8921059900917
692 -84.62890019640693 61.7090934094005 526.3081060465614
693 -84.91676484449523 61.5617282336096 528.0957774419093
694 -84.91562165377623 60.850283393278175 528.0842901643042
695 -84.60839124302058 60.5123236403733 528.2990179131506
696 -84.60728254207876 59.80074611574924 528.2876952653804
697 -78.80602459992184 57.258304048311565 494.4939465864511
698 -78.79612463914415 56.094802514040225 494.4560916008121
699 -77.99639259992405 54.599118488430875 491.4597248461577
700 -77.73749890393337 53.27373756395916 489.8527376055737
701 -77.1889511425203 51.812379587283644 488.44275715674206
702 -76.92573936789746 50.015893926778006 486.8282206131607
703 -75.68724112894674 47.119722417612024 480.8915574647072
704 -75.66045124327812 45.02449360127304 480.799201458084
705 -75.65269209896874 42.424951611057395 480.73635715059174
706 -87.043462967573 44.86485505154655 508.5609411447867
707 -87.3314229315996 42.44839008529542 508.30456433046135
708 -87.60876410543398 39.86772414613348 508.0198817996464
709 -89.06517671620195 36.993914704450845 510.69131955892055
710 -91.08571078609732 35.01472933213343 518.6359975069616
711 -92.28947785623015 32.55078648896329 523.606924182793
712 -92.01118922777056 31.136354227249537 523.8823171550475
713 -92.98449401947575 30.738970623494435 529.3556183723201
714 -93.30454722405655 30.131067777798616 531.1738662447307
715 -93.94184233901736 29.324701827334966 532.7988283272165
716 -95.2040454640833 28.069826380631195 536.011163284708
717 -95.85323847004437 26.887686150516565 537.6644347743047
718 -96.85707884000117 22.096012418792522 540.0346800789342
719 -94.03539605758445 21.972383227198158 533.8583052684763
720 -97.25816361144007 22.69340236728092 542.1273456659463
721 -272.25702836014017 191.98996270592403 1527.0178612793857
828 -90.45637322041894 24.48523353720479 524.7986533327781
829 -90.17741478429575 23.066051754845077 525.0804072778076
830 -89.28088499505682 21.405232375583566 523.7687175370046
831 -89.59576356356702 19.88282669189011 525.5730611446432
832 -88.98988368362913 19.1121111724212 524.0055020414163
833 -88.67589218196956 18.947064564236754 524.1895222063163
834 -88.67637335155244 19.300017046508735 524.1944642353207
835 -88.06576609857612 19.69480037214578 520.6206967595664
836 -88.05615096234531 20.498829704218856 518.615511921013
837 -88.94361336306038 22.75159739019937 514.0483288006044
838 -87.77303619102182 26.0557118670898 511.129391655596
839 -84.87242987638437 27.97276629148543 505.7276477850558
840 -84.0015612318051 29.704961422753925 506.4125293804802
841 -83.99732946254984 30.322198409496345 508.3431853364772
842 -83.97121759082664 30.61069583246882 510.2192877538566
843 -83.96434791243249 30.545003952799824 512.1599737671336
844 -84.2273900907953 30.761531602332642 515.8032470731458
845 -82.74455383333084 31.217827634118613 514.9293875833619
846 -80.41017468639994 32.09530447280525 512.811227720099
847 -78.09384888679558 33.3075126137103 510.7051785541396
848 -76.895438428376 34.37493294505578 511.54188682090586
849 -76.25328262380374 35.37517057815732 513.8824454223317
850 -75.33447288061365 35.925903399241946 514.467441956868
851 -74.97289462742201 36.06389282160688 516.5686245581121
852 -74.36974251424662 35.90346497578233 516.9890785651731
853 -73.99997023722682 35.6927649845545 519.0916984760715
854 -73.86234275649738 35.7796072775198 522.9166951053704
855 -73.41598092249376 35.69393503163528 527.0055739186886
856 -72.09068398100115 35.31944569044181 529.7658044110266
857 -70.72875397442513 35.30535230073961 532.4717514161866
858 -66.77949589938055 37.66659520662413 527.7873549109729
859 -65.07671728135779 38.196329794765546 530.6306566034702
860 -63.655155378493056 38.727275922859434 533.2229895178818
861 -61.69246233230451 38.95421059460743 534.2255386003385
862 -60.05648207527526 38.633580175435014 535.0616020294576
863 -58.536707286253076 37.28887534944537 533.8901998625381
864 -57.56018209183769 35.70226830661302 534.3875560746101
865 -56.19816231605665 33.711510726731596 531.3140752951975
866 -55.532055589984054 32.486281886644555 531.5759297972841
867 -54.87486085149416 31.434043925496148 531.8730680442847
868 -54.20624270021901 29.85265040257425 532.1219491378876
869 -53.370613516578864 27.995278936550662 530.6540940954461
870 -52.71221893493815 26.590263527915894 530.936719248272
871 -51.8729366943896 25.63103223749246 529.446389580487
872 -51.37591490805648 24.846067175059886 527.857473578248
873 -51.04753598113326 23.79574618331057 527.9899158224783
874 -50.554143414618686 22.668314883287984 526.4049295074819
875 -50.21647394611652 21.79924567185603 526.497226080177
876 -49.89842675116835 20.57283182449755 526.6666354541786
877 -49.39953619684936 19.287077840610515 525.044993435475
878 -48.91402407528869 18.52776613665532 523.4826966729103
879 -48.91338267348713 17.483444453116178 523.4678108955534
880 -48.912964251371605 16.7872758072331 523.4579752556531
881 -48.90222402370498 15.920832413485691 523.4015602439633
882 -48.41969812302915 15.173881623438733 521.8489914926582
883 -48.263978729584856 14.429645961478245 520.1639678947525
884 -48.26377236112238 14.083751266292978 520.1590652656229
885 -48.26336504718266 13.391988758216316 520.1493124144106
886 -48.26316409977263 13.046120876811731 520.1444621747365
887 -48.26296495744617 12.700261864859455 520.1396293806155
888 -48.26276761923523 12.35441168816081 520.1348140232408
889 -48.26257208417104 12.00857031254027 520.1300160938001
890 -48.25214126299581 11.839648436925765 520.081740982489
891 -48.25192483462207 11.493844417595282 520.0767526574878
892 -48.24126479594511 10.979220970441093 520.0231923576089
893 -48.0970282453762 10.418764541819455 518.3976665999928
894 -48.09682508815903 10.0740604860484 518.3928046469554
895 -47.93284485066974 9.526354054581777 516.6848537359322
896 -47.932628856063474 9.182755066343626 516.6798774098504
897 -47.77983195891771 8.464098536814333 515.025877406579
898 -47.62815626519935 8.09132146686124 513.3866034639287
899 -47.46699447616825 7.554969538318083 511.7081910420076
900 -47.16835106459339 7.160113012037205 508.48269851078555
901 -46.862962317640495 6.6063230666367625 505.24671112739526
902 -46.726614033074306 6.073777064848302 503.7075601615492
903 -46.42641045982426 5.531563820301208 500.5269934448942
904 -46.582668705483 5.01585986284676 498.78430552359464
905 -46.2957527756685 4.645497031470749 495.7060379348815
906 -46.46026628882349 3.9680856842217223 494.0329081802427
907 -46.46114708838717 3.2897206947852387 490.7734785744203
908 -46.61301391688512 2.7908122845309813 489.0843025216626
909 -46.77350328608058 2.4526465574843814 487.4498397029442
910 -46.92272987802735 1.9596087193874472 485.77752004263505
911 -57.9604028070793 2.2087239714648526 516.7656196569638
912 -58.59292804507268 1.8645206042897584 516.4355592784874
913 -59.22430943385299 1.520576170069588 516.102937173947
914 -59.84295583666696 1.3545452499471817 515.7203617340496
915 -60.68004756289241 1.186745807319649 517.1080377257339
916 -60.601843650992826 0.8257996728425849 513.5999649090613
917 -61.21533660464586 0.6608781685562881 513.2115050102902
918 -61.85140371636867 0.4846822822958616 512.920362598188
919 -62.77346792021973 0.3206196057495817 512.3550303604361
920 -63.40669881230243 0.14459954199104658 512.0575816449112
921 -63.80836400008978 -0.024926442495604478 510.0083937544347
922 -64.42513751588972 -0.0238360052279987 509.65877836095603
923 -64.84376943940957 -0.20398713508983277 507.7161517876651
924 -65.74964398189636 -0.026547986921910738 507.13681965009437
925 -66.45098822892697 -0.030347060786710994 504.9732296397085
926 -67.66269787995326 -0.028311409600567158 504.2490114139424
927 -68.63661948117726 0.14280680432643875 501.8556048120138
928 -70.07070028153092 -0.024377425169902957 502.7707390598372
929 -71.25438151074769 0.15232028557995816 501.9705791733927
930 -72.69157473366013 0.32227968822951175 502.87462471971827
931 -74.37325149852535 0.16060491965753673 505.40694725425493
932 -75.57845207420378 0.32499831748212116 504.66915678932565
933 -76.516421526677 0.3196711300627916 502.23844668441365
934 -77.6799636107542 0.496127108133835 501.384658195778
935 -78.55877127044693 0.49687379991993885 500.77344074553235
936 -79.434352027216 0.4975888231366927 500.15686312790183
937 -79.75781672930543 0.49099992122532493 498.1275436049358
938 -81.17572716409711 0.4989239476701449 498.90774653964115
939 -82.30817875580995 0.5066425294402733 499.8962401805101
940 -82.88539510441593 0.507040560803183 499.4704883622701
941 -83.15959131801007 0.34609967880257864 499.2068315695861
942 -83.17680045652381 0.33977940792584066 497.3742637106944
943 -84.03519503968806 0.1717257924111008 498.6089143816603
944 -84.04840398418439 0.1659503539731934 496.7761591069102
945 -84.89370476009115 0.17256831825771135 497.9590210777951
946 -85.45007876677289 0.012571622805228047 497.473089016923
947 -86.5843334897666 0.019160122392294872 498.4363942008657
948 -87.15277518576447 0.019820277587983846 497.9933167609987
949 -87.71966602182034 0.02046866483379038 497.54795497597974
950 -88.0025276296793 0.020788446575601225 497.32442049526674
951 -88.28499884489085 0.02110528769597267 497.100318584845
952 -88.84876656254647 0.021730150107653397 496.6504173832821
953 -89.70590424577625 0.1827043759812162 496.020857599581
954 -90.53073475486177 0.358228041669529 495.2900627160252
955 -91.9585793968773 0.5256997449481332 496.038541365942
956 -92.47483725519461 0.6932949596828167 493.67693811457997
957 -93.62205253381215 0.8608129799989993 494.6398189067855
958 -94.44824625558492 0.8606533123349861 493.9317427656649
959 -95.29414800965908 1.0440804962104033 495.0318555792938
960 -96.11680004149578 1.0437327087395398 494.3133955692139
961 -97.2698612392139 1.2121514040400978 495.26487690224667
962 -98.07276915282237 1.3868461521603976 494.4881080848348
963 -98.90183405110017 1.5454841620439972 493.8009327540944
964 -99.69701834798288 1.7194265654994136 493.0148708229444
965 -101.11919960073827 2.223088562288192 493.696023835571
966 -102.17499940983322 2.7299290730181767 492.6466775364993
967 -103.25404795769151 3.219230240599266 491.6810283495335
968 -104.04738776319832 3.8828631927380064 490.9185755211275
969 -105.44692647083998 4.563283964744191 491.51592065568855
970 -106.47972173538442 5.064744166089807 490.43341765715434
971 -107.8924224632714 5.5717510163083945 491.05645222585366
972 -109.29181243247179 6.255526774611593 491.6307718040468
973 -110.06720030913327 6.916248148891751 490.8307662165674
974 -111.46528100120518 7.602041349297952 491.39049784856996
975 -112.86493551748181 8.289770984322358 491.94448933786106
976 -114.01124264580413 8.983242090726351 492.770381278428
977 -114.78973853133364 9.466612338883186 491.98123229258493
978 -115.28109206072162 9.969169282779726 491.38406428396917
979 -115.54877346033055 10.45909540121028 491.14853832089136
980 -115.80089953932747 11.124125302936593 490.87225026525334
981 -115.80105228512845 11.793768634075896 490.87683319811447
982 -116.05286960830799 12.792631416475704 490.6026884971103
983 -115.6654105640169 14.080393856747591 488.9719852580143
984 -115.28042775304462 15.360003559248673 487.3516974784197
985 -115.90345315576326 16.916995283584114 488.6781856722236
986 -116.15440071096886 18.243126438886502 488.40952272078016
987 -116.65374026299047 19.55940060365653 487.8584528916623
988 -117.29571352538731 20.95566795822698 489.2254097811171
989 -117.95457175388835 22.51962396259467 490.6349097719511
990 -117.9563091653105 23.860066766211702 490.6494502356524
991 -118.6182874306935 25.100846147921622 492.06243547399936
992 -117.98409438903306 25.855739203781997 490.7334432359096
993 -118.38272340309807 26.281620477708646 492.39362114810683
994 -118.38313902618617 26.617919022956787 492.39720689082935
995 -118.38356549559407 26.954226853498774 492.40083407743106
996 -117.98573652804127 27.196600698971654 490.74769385307667
997 -118.6341105714733 27.614261170018743 492.1205930313464
998 -118.89628146123198 28.098072696811098 491.86776439774314
999 -118.89668657588336 28.434118572835928 491.87130503289825
1000 -119.56167006911056 29.017175738248916 493.2819059138771
1001 -119.54996427451492 29.530258292540427 493.25779255769515
1002 -117.55325297792335 30.138074951777934 495.5979389989802
1003 -119.56282523601513 30.02823801836298 493.2923174043591
1004 -118.91114989049933 30.275001607999716 491.92004011696247
1005 -118.6628164482056 30.961455744355728 492.21552811948635
1006 -118.41360150010428 31.312083221170035 492.5070492871942
1007 -118.1760342752742 31.823857168441307 492.82803100089393
1008 -117.92622341396805 32.511932613576676 493.1221774064289
1009 -117.68794626348776 33.36174099117953 493.44533696436827
1010 -117.18548400396487 34.40387267230821 494.02787552404743
1011 -116.66960326111878 35.286245969953846 494.5809192100821
1012 -115.7832173214318 36.03260373422713 493.5163662678769
1013 -115.27689686296664 37.076246526980455 494.0922644946948
1014 -114.76877008079607 38.12161509724766 494.66673665257866
1015 -114.01282245341392 39.009740260999074 495.5412308981692
1016 -112.87164587809947 39.76513275589845 494.7417131770339
1017 -112.09851987373213 40.49236614599516 495.5778001703797
1018 -110.68825870370483 41.09977057808789 495.01688444869086
1019 -109.9079532696801 41.827479469668475 495.8399677796788
1020 -108.75781286605661 42.076732792335356 494.9923272636437
1021 -108.59759151933153 42.59188278581488 497.19647747038374
1022 -108.07087820982149 43.3046702003976 497.74089364331195
1023 -107.18233063195825 43.87102245427641 496.6152853777771
1024 -107.2876713943185 44.53859687998564 498.5780894715802
1025 -106.76609913660779 45.07754745883563 499.1371784262892
1026 -105.87709936327983 45.64049092146074 498.00088473585134
1027 -105.35349417117311 46.17920116347591 498.5534620218768
1028 -104.81836512171236 46.8947469274453 499.0844497920134
1029 -104.28147598358964 47.61119748316752 499.61354903050255
1030 -103.46256674210636 48.183914716044384 500.3767103842596
1031 -102.57696493571186 48.40006868944097 499.2231399120561
1032 -102.38703842562437 49.10391705026795 501.43674182541304
1033 -101.21970928539209 49.51301604074902 500.5116802842194
1034 -100.39967145405387 49.90973956593257 501.27473666348624
1035 -98.96908418854606 50.158498547111066 500.60921225621115
1036 -97.85754066849462 50.74928663690986 501.58929874927725
1037 -96.14862718545014 51.013154909793094 501.1501702919607
1038 -94.44883352341982 51.099236618426346 500.7150706294757
1039 -93.03975382550232 51.36461730376873 501.89012574135114
1040 -91.62884873527523 51.452679257521176 503.06670247678085
1041 -89.93078705284749 51.3799035731776 504.47582269277126
1042 -87.33457918526464 51.179839687011714 504.6072549140359
1043 -85.01930903875379 51.308845312856604 506.3888945275244
1044 -82.38517641466663 51.44895553625374 508.3476015098764
1045 -79.72000928107899 51.23989904743608 510.25159238722455
1046 -77.03352787479001 50.84654919792611 512.123369714506
1047 -74.54613208471024 50.62070927749559 515.600028706263
1048 -72.02228760479689 50.554594711457725 519.0672153120399
1049 -69.74884492113226 50.12694360228739 522.2610739732257
1050 -67.23194629616279 49.165463657929955 523.7266042221763
1051 -64.68555504549595 48.02400433800148 525.1216447661229
1052 -62.96852560841965 47.36325378247403 527.8761789889985
1053 -61.876733613724824 47.02970116860757 530.284959834042
1054 -61.107042876862515 46.85722946425401 532.5543068675878
1055 -60.120299749423815 46.7088877227212 533.0299326444513
1056 -59.13978578135808 46.73422361643144 533.5276456360762
1057 -58.349888474659295 46.55709540564391 535.7911840148842
1058 -57.55239172686168 46.73654030519027 538.0681776635965
1059 -57.070943449144885 46.731831684408185 540.1620590562504
1060 -56.576150425027755 46.54900099565881 542.2349536569856
1061 -56.61158261026763 46.32801727378839 546.016653795868
1062 -56.314792944042985 45.92410966094731 550.0219772193935
1063 -55.812679337682496 45.17821759936972 552.1562554344588
1064 -55.126810855455815 44.45589257907581 552.4468377181275
1065 -54.96951856708922 43.87607436545343 554.4656071456466
1066 -54.615608990940636 43.331776732282556 554.5757469358933
1067 -54.278923495956334 42.78114757978199 554.7423493934817
1068 -53.94142344062162 41.861317834130475 554.9002736759385
1069 -53.4126115007009 40.62061631588933 553.1395711381906
1070 -53.06670516029017 39.522364025485174 553.2623133953648
1071 -53.07481953312447 38.967621717476604 553.2810598594991
1072 -52.382622075140695 37.79136630489946 549.7083096662027
1073 -52.21480218991032 37.11381909404038 547.8802641388943
1074 -52.378660957296226 36.62009384585406 545.8867838053887
1075 -52.55001167748844 35.94567347551821 543.9341327109338
1076 -53.05634065290013 35.270554339069065 541.8430621110991
1077 -53.88340270267619 34.77723232303111 539.5785576988567
1078 -55.21740444955802 34.03842537855278 538.9489208513995
1079 -56.35899593297517 33.187541199044716 536.5179550126265
1080 -57.49813600148897 32.51682525991294 534.1266734913357
1081 -59.454481770219594 31.953550907091046 533.1047243443396
1082 -61.41020784970605 31.564062302560494 532.0953894300745
1083 -63.14449772763532 30.71495968106144 529.2927267507098
1084 -65.081296830114 29.791972154165933 528.2619048768228
1085 -66.45697790291649 28.606104719340156 525.6025698820789
1086 -68.05064908389234 27.342537235661535 524.710441503399
1087 -74.63291861638315 26.147474498536123 537.9759001726593
1088 -75.66714460254136 25.13058007203962 535.3814407151884
1089 -76.62054929016989 24.39588596109897 534.7691981659291
1090 -77.2540638390072 23.667773578548953 534.3541874058793
1091 -77.3073899955174 23.22204005105829 532.3347875974307
1092 -77.3187395214723 22.681878780031877 532.3681594715277
1093 -77.88571114895997 22.58236319486566 533.9314415532632
1094 -78.16330608770409 22.478025383389287 535.7925017884338
1095 -77.8454787319409 22.124289100302402 535.9918206946053
1096 -77.52728884121684 21.77034212274947 536.1904318960915
1097 -77.79202942459727 21.487515040756378 538.0198855017316
1098 -78.05844408213491 21.202807590031945 539.8609265904064
1099 -78.05764652536153 20.479512266992685 539.8508680693975
1100 -78.63407007468358 20.009265818289304 541.4513596405486
1101 -78.64611559170075 19.46025648393747 541.4885217907129
1102 -79.22637006410096 19.349336714299728 543.1033167380748
1103 -79.22637006410096 19.349336714299728 543.1033167380748
1104 -80.15780230740518 18.85827796733945 544.6059621536591
1105 -80.20137893696864 18.058003132250526 542.5086817538062
1106 -80.80054585155683 18.11984320035895 544.1777002675503
1107 -81.41687892620367 18.359838154536018 545.9065046470639
1108 -82.01000863294641 18.244671971313476 547.5467377181737
1109 -82.63366136648932 18.11852713522978 549.2922963601901
1110 -82.90988831233601 18.37561706205602 551.1724429329107
1111 -84.68986502473801 19.1031818935575 560.6816054144075
1112 -83.46864962507559 19.26656246948604 554.97675994056
1113 -82.5957763110135 19.789920963243706 549.1750568431237
1114 -82.02303181369653 20.011069300983007 545.3675470951878
1115 -81.75269440164482 20.479786569580238 543.5318889056634
1177 -83.93216396198973 25.0354224041145 511.9984438748304
1178 -83.3590483368403 24.957272390056627 510.5194395155229
1179 -83.05298790820771 25.141899173104274 510.7053175603976
1180 -82.49485904769533 25.229642083666317 509.26949483922374
1181 -81.62318652921125 24.992793616741043 507.98331310771584
1182 -81.03249309022215 25.00661117924343 508.40676860572415
1183 -80.17643163357671 24.935904068553196 507.158119171116
1184 -79.87001483827139 24.777323467727783 507.33173699742383
1185 -79.3137478334939 24.70063039532868 505.8796458160903
1186 -78.46589709499906 24.630947339448078 504.64188884378495
1187 -78.17077726297327 24.637486084890867 504.84732828111777
1188 -77.33776208100848 24.73215793530856 503.64810997181115
1189 -76.73644034773457 24.580839912844205 504.01871591930035
1190 -76.460379425853 24.237392807319516 504.2788981551381
1191 -75.91660013458643 23.824428696786452 502.8384793510155
1192 -75.37650068110077 23.751118948993014 501.412160457511
1193 -75.42723993156714 23.66605335134126 499.5961771847028
1194 -75.76864318632055 23.240362392980686 497.5846652670985
1195 -76.39687919523361 23.14508222207026 495.3870422129283
1196 -76.96540575782632 22.971460817735448 494.94842712549143
1197 -77.54302493146352 22.95910194507317 494.5422702628012
1198 -77.59222494756563 22.705431611028427 492.7849528825683
1199 -77.88884695698562 22.195694271327245 492.60527652967085
1200 -77.92549270748057 21.785331726818555 490.823431398244
1201 -78.73648124543756 21.685337350430046 491.9495337071553
1202 -79.02204894915678 21.679301723506498 491.74328548600795
1203 -79.59158777224145 21.33577364236842 491.3238676841566
1204 -80.15867671184367 20.33025274302226 490.89204501547425
1205 -80.45206234311676 19.491128847678784 490.70430361717763
1206 -81.00691909380798 18.989598507720704 490.2433719515585
1207 -81.57189852762292 18.978673820261914 489.82152744941357
1208 -82.41709279070874 19.29237936450024 489.1894292038345
1209 -83.28294573446755 19.69235704126828 486.81205700545706
1210 -84.39141093936253 20.093978709826846 484.1568663774604
1211 -86.31368464573474 20.376650615309092 482.6300208775323
1212 -87.94706763527341 20.989230552210465 481.30571910348095
1213 -89.00338410512904 21.702765982054274 478.6335048457033
1214 -90.34069227838435 22.63786278961792 477.5125643499853
1215 -91.66768742450543 23.24557204537978 476.37399296612705
1216 -93.84324361219507 23.674237629496627 478.02603291860527
1217 -95.16647315195632 23.787040748802053 476.87358656788257
1218 -96.51835921257064 24.155207247591818 477.45013834946883
1219 -98.14232392137164 24.345684762334727 477.8040395021108
1220 -99.50791617805953 24.54525802349726 478.3939142696321
1221 -100.2827406579256 25.167030227829603 477.65963220231765
1222 -101.05328550996201 25.462331156235347 476.9167922589577
1223 -102.16016133177193 25.672342797479317 477.7364068458052
1224 -103.27027273434781 25.88292692701459 478.5560564150623
1225 -104.37204044323494 25.93780682513496 479.344918625732
1226 -105.23409938007862 26.159958208872684 480.42320586825923
1227 -106.34281145561548 26.543216354627162 481.2174135070167
1228 -106.85006158550662 26.521214087346497 480.694491153167
1229 -108.32682335950028 26.49453079055235 483.0908418854638
1230 -109.4566113926315 26.378132641227932 483.91131109174825
1231 -110.32499752360421 26.444889281741595 484.9728236845427
1232 -110.84211466141006 26.58016125278291 484.4647084079716
1233 -111.71401579730481 26.64731097212362 485.52639786134233
1234 -112.58957759694417 26.714714432651615 486.5920177451259
1235 -112.84105182157879 26.70299720425164 486.3172805666765
1236 -113.09206064627628 26.691249268096794 486.04207261860944
1237 -113.34260351152774 26.679470699067718 485.76639542459975
1238 -113.97084437577223 26.426244918678417 487.10483780769067
1239 -113.59228686618958 26.004892772038176 485.4846365318026
1240 -113.57964884018499 25.84656558332963 485.45208303070956
1241 -113.59193441664692 25.342155913027085 485.4791813915918
1242 -114.22052991856835 25.085382035156304 486.81619999127213
1243 -114.47033202125233 24.74209274247432 486.53552146649184
1244 -114.47018775757385 24.40998687933681 486.5329250150845
1245 -114.71942733345834 23.735186810879732 486.24940382749423
1246 -115.35208344631134 23.14067991029016 487.5884529625499
1247 -115.351902106985 22.475015309263373 487.58368732098467
1248 -115.35170791484786 21.476571893291545 487.57684055858374
1249 -116.39132072831109 20.772423169853017 490.60032023478584
1250 -116.37725271554152 20.277821614284953 490.56103085553565
1251 -117.02032753874788 20.004321741009413 491.92674268889795
1252 -116.62776633097288 19.599430776487548 490.274046245525
1253 -117.91819902601905 19.72032857138449 493.0141522908218
1254 -118.18332093909207 19.871819945069326 492.76584628986876
1255 -118.6833154378236 19.853565552858726 492.191482913432
1256 -118.93258428100634 19.844403298424282 491.90359659163636
1257 -119.58461036158435 19.905573153995725 493.27902892287415
1258 -119.18136682426379 19.835217751274254 491.6152426661357
1259 -119.42966255146516 19.82600897117187 491.32642275297536
1260 -120.31589462199386 20.05372777604253 492.37175016289905
1261 -121.2349404434158 20.26684907114914 493.49493747728206
1262 -121.07170769880894 20.521513020905594 491.5358417440986
1263 -121.96118133678054 20.414296797558237 492.57742652967863
1264 -121.97578148499385 20.238103053963197 492.61325581745194
1265 -122.22191921664079 19.555483129863592 492.3150976667341
1266 -122.22214612243627 18.882516390434738 492.3119250795903
1267 -122.63794770940771 18.27497034464436 493.98311941945394
1268 -122.62305876230913 17.43908440857052 493.94039583996005
1269 -122.79383823565718 16.494080558361286 495.916909763549
1270 -121.89772313825617 15.258882032708723 494.8571747865005
1271 -122.06522311952293 13.965077032760497 496.8360903506783
1272 -121.13706623508457 12.750288111071018 495.6879291942317
1273 -119.57356800023398 11.326792618224323 493.203517509323
1274 -118.67354276702615 9.951232160038339 492.11251008816436
1275 -116.72569594590514 8.694103644389271 487.9828061690305
1276 -116.2122810295558 7.543668419217815 488.49910127619
1277 -115.09366477757439 6.351115512828796 487.7507130239973
1278 -114.5769515996586 5.199788819400595 488.2590717900703
1279 -113.82212276395606 4.20648946475784 489.08763457732766
1280 -113.3165529046412 3.54280937788727 489.6376122909008
1281 -113.18647475407084 2.892991647679899 491.8262170831323
1282 -112.67547950463515 2.224833119047429 492.37427141869034
1283 -111.53195260633149 1.5453857284877688 491.5478027210957
1284 -111.01760894956082 1.2116976952973038 492.08953652403954
1285 -110.48471830646017 0.7183932827000437 492.57953369993544
1286 -109.98369067609367 0.20709285874510203 493.1662767366903
1287 -109.46377251784426 -0.1286011197414125 493.70188163108867
1288 -108.92521001845435 -0.6242818217725106 494.184541861648
1289 -108.40158533555402 -0.9612404193083064 494.7156841094862
1290 -107.25458282002438 -1.3009644384987997 493.8596295916692
1291 -106.46406536646454 -1.6388459540768296 494.64536219346155
1292 -105.66947765760477 -1.9775447218915185 495.4263603889479
1293 -104.87083858381392 -2.31705035967328 496.2025832349343
1294 -104.06816740060316 -2.65735239025757 496.9739900073644
1295 -103.27816466414723 -2.8381202599541426 497.7935743793355
1296 -101.50333219665657 -2.995933222362248 495.4544468708109
1297 -100.70917917064553 -3.1763378197415157 496.25741040210187
1298 -100.20967373909916 -3.3452689531141524 498.60175540745263
1299 -98.80230511347779 -3.5228708723452122 497.9904707969305
1300 -97.96230019557476 -3.687748738159657 498.6718635400219
1301 -97.15117838195178 -3.8695220424723638 499.45434033031466
1302 -96.31978084587551 -3.874196202046102 500.17932335755637
1303 -95.48461031286612 -3.878855620791921 500.89929667110715
1304 -94.03782577804897 -3.701338275534854 500.14192275764367
1305 -93.21278178789058 -3.883050736569657 500.90030354632887
1306 -92.63411827738625 -3.7088068049392846 501.315503004404
1307 -91.78699906779268 -3.713270069611096 502.01283984183834
1308 -90.93623752085573 -3.7177197165352864 502.70502549777757
1309 -90.08185748989685 -3.722155559744335 503.39202536711485
1310 -89.23932133652528 -3.564295363814582 504.1283296681427
1311 -87.78474907387985 -3.386937702038456 503.31522182279923
1312 -86.35895631611501 -3.231251018498076 504.47922031110016
1313 -84.61694706594213 -2.898279472990772 505.7936622417861
1314 -82.58980771990272 -2.5616266805509387 505.42433927400253
1315 -80.82656789962886 -2.227199013846327 506.69256604747324
1316 -78.49573000313876 -1.892155626999868 506.4845224048334
1317 -76.41128057888182 -1.5571321315060678 507.90288731949494
1318 -74.30953419494334 -1.5625359712682982 509.2883225889087
1319 -72.79800667323401 -1.2242949269874215 510.26220698508325
1320 -71.81661316918807 -0.8817178998910843 512.7020740640852
1321 -70.36194860481851 -0.887053749884773 511.7860835858797
1322 -69.44302651938969 -0.5458382544847793 512.3492229735446
1323 -69.053507382242 -0.1986654366431997 514.3978605635
1324 -68.12662677633804 0.14450593935004474 514.9528854553625
1325 -67.19685383048204 0.488141744116873 515.5022079106535
1326 -66.26421843166482 0.8322302632472134 516.0458016448171
1327 -65.10385128066254 1.0012077433784998 514.8503643194783
1328 -64.70342440936011 1.1763706311805031 516.9363692015395
1329 -63.86878903460914 1.1666734541868617 515.6052002362046
1330 -63.23082193763339 1.3443187107000703 515.9025812537807
1331 -62.82022582993429 1.5210179345938732 517.9827138351378
1332 -61.67390375251898 1.8552497560763213 516.8155177455538
1333 -60.92633298308339 2.2127462371008115 519.0095910061682
1334 -60.17117052743418 2.920536506462648 521.2141988174936
1335 -59.21440734061975 3.2686399601745015 521.7138406078658
1336 -58.44559611086666 3.9833261527447705 523.9197573701919
1337 -57.668911131815044 4.703262656287909 526.1319047602756
1338 -57.022237359197796 5.405266941453083 526.4613417557905
1339 -56.884585486333286 5.780324475470056 528.3552643577004
1340 -56.55946290538402 6.13275202150586 528.518677373014
1341 -56.41910603703584 6.511539094379142 530.4227082141206
1342 -56.28912525397876 7.065316584162365 532.3907012177077
1343 -55.960913229480255 7.420433567300617 532.5525307019797
1344 -55.63215089311828 7.421181399974018 532.7085659756772
1345 -55.63242635163806 7.775671625466133 532.713708189025
1346 -55.8164570726984 7.806182272146782 534.4774994768221
1347 -55.48658090993368 8.16266697522804 534.6382785125126
1348 -55.486868260551695 8.518367363209324 534.6435430322864
1349 -55.15672110023646 8.875041218093484 534.8037043003947
1350 -55.52431284426271 9.659590400552078 538.375993525684
1351 -55.053196359973406 10.592673777919963 540.5463797139677
1352 -54.89085396152072 11.539559779065284 542.4729828380965
1353 -54.55576091885157 12.622942217490188 542.6432394017562
1354 -54.912437191434414 13.628064676021204 546.2625688963817
1355 -54.769932558907044 14.586641813393229 548.323546474642
1356 -54.60405851365201 15.925173281234198 550.3053244871805
1357 -54.080430162151636 16.598461644309747 548.613624091273
1358 -54.09236355323443 17.506076157537116 548.6768899982245
1359 -53.74181394396693 18.423342153682732 548.7971925519677
1360 -53.402539996656515 19.88433821559658 548.9738961526368
1361 -53.24284919407169 21.787347704861187 551.0148088475185
1362 -52.90192870076877 23.254428067615205 551.1913776036872
1363 -52.90373963539865 24.71902524982688 551.2196184852064
1364 -52.39499940482684 25.545511979799755 549.5684654258807
1365 -52.39628511438978 26.640819171117613 549.5890965471148
1366 -52.39758806186793 27.736235241702055 549.6098914714177
1367 -52.409125142019995 29.011360612758427 549.674105549936
1368 -52.23421815431451 30.003694989975198 547.8460918311132
1369 -52.060381506828186 30.989691167344265 546.0293419538534
1370 -52.411083343987066 32.25269274700045 545.9424017754012
1371 -52.761092010777595 33.15254205840696 545.8470909827713
1372 -52.57590615184026 33.94712408985482 544.00033801672
1373 -52.924342154181254 34.843705852666915 543.9029320892921
1374 -53.084942589511165 35.44193370233738 541.9502103467349
1375 -53.94763255459941 36.45275856962126 543.5133142338732
1376 -54.62207843056317 37.52634723350799 543.2258609233498
1377 -55.1010007740712 38.29184469904403 541.0841878740031
1378 -55.7706127667262 39.00013528934259 540.7852828739115
1379 -56.448353828258206 39.52466629468759 540.5124805247845
1380 -57.448210182201436 39.86503448288669 540.0409142293521
1381 -58.12320224919284 40.38812650225913 539.7599073439164
1382 -59.10947417372753 40.909737912111176 539.248356633727
1383 -59.57213558523003 41.11620123500464 537.1237825749332
1384 -60.55990477264546 41.45204660531038 536.63076203446
1385 -62.089674852382494 41.73711898529293 537.788222067644
1386 -62.86341397683682 41.930534614316684 535.4801254099294
1387 -64.49320622524877 42.60369180609217 534.6200305795571
1388 -66.43804126906923 42.90798967858957 533.5562242861107
1389 -68.69231974714177 43.199684019385934 532.2819332690145
1390 -70.93087937456613 43.84295226538169 530.978867457791
1391 -73.16240496739282 44.299217372443096 529.6668114179697
1392 -74.79186023435877 44.61962066813831 526.6915674169885
1393 -71.90086872005777 44.05865100121093 495.4205461902098
1394 -72.84523313942587 44.033785930782855 493.0910188576603
1395 -73.48953036403908 44.01938784484853 490.961277364683
1396 -75.1596664010949 44.27031937067373 491.519779233925
1397 -76.06563191415457 44.08082768772798 489.1567946392344
1398 -77.48136349089437 44.188523449204574 488.1283362482262
1399 -78.62111589623566 43.967123783635486 487.3223016365508
1400 -79.45903735218742 44.09833846310376 486.68603433606364
1401 -79.77508602935423 44.09073859456922 484.7464587943834
1402 -80.86914453354485 44.19075091831823 485.660086250858
1403 -81.45405551596895 43.84109382380813 483.5000677847496
1404 -82.53861304505274 43.78143303205194 484.3793438257642
1405 -83.36874181878677 43.74026326166098 483.7348102964533
1406 -83.92030330140807 43.71254899883428 483.3024316163366
1407 -84.47037074135916 43.68462132668371 482.8679119129879
1408 -85.02659545634776 43.487069198194675 482.4459847536555
1409 -85.56523623455794 43.30150582764901 481.98635555259216
1410 -86.1100203711115 42.94676939310611 481.53940393097923
1411 -87.21106708344684 42.87144386696084 482.42607703920544
1412 -87.47423874495807 42.3806703519001 480.4372448815372
1413 -88.0058710074449 42.195504399910305 479.96797404416577
1414 -89.10500352108856 42.11776070487003 480.83917931018647
1415 -89.63439999494177 41.93210205118133 480.3632256966934
1416 -90.72761352611295 41.69607595640751 481.2088610827975
1417 -91.53876953716272 41.48280837868312 480.5319269118576
1418 -92.62629790738902 41.4148265400221 481.3552832213003
1419 -93.69829638895047 41.18577142159946 480.43142731699146
1420 -95.06036468621544 40.93140332593401 481.0232273710336
1421 -96.68789279875287 40.66046204275947 481.3682179108831
1422 -98.06174412054612 40.23257034318937 481.9640933141866
1423 -99.689727589451 39.62992941105858 482.28490764635404
1424 -101.65801703985579 39.31076051663736 484.1941148750023
1425 -102.70575773579377 38.74823325853875 483.1950515241652
1426 -104.42830982483017 38.43844840177997 485.3563746796225
1427 -105.80627493394113 37.84064844203518 485.90575172922854
1428 -106.9393114828594 37.41490294774823 486.73916665313243
1429 -107.80793118311712 36.8433859363031 487.81260372289785
1430 -108.42320421706994 36.61769774100601 489.16109347829195
1431 -108.4223194022463 35.95104810035356 489.15323397865893
1432 -108.43263195597544 35.444216181646446 489.1732713344213
1433 -107.80538201507368 34.84902018796926 487.78943222943644
1434 -107.28898441346644 34.21276307028942 488.31138300662536
1435 -106.40786265559673 33.635986023330574 487.1943299560402
1436 -105.28263918262287 32.90292990910228 486.3658332737227
1437 -104.14990259949832 32.344514328360454 485.51242080575236
1438 -103.36876849506292 31.390673436348234 486.27044608365895
1439 -102.58337329117572 30.102943972485406 487.02029193885664
1440 -101.2553206078465 28.674945146589128 488.2390832837125
1441 -99.91588369396266 26.907863703463327 489.43919540753507
1442 -99.8388302909007 25.367194682460916 495.3128797121379
1443 -98.80575428341909 24.14972647598084 498.18570527681226
1444 -97.49024978751602 22.750818899232083 501.3417777990319
1445 -97.06610595708473 21.998724698974915 507.6113332230396
1446 -96.03505416821531 21.493975885112967 512.5753509923989
1447 -94.3372602369194 22.666054069543524 516.0103428938257
1448 -92.90174229635073 24.191942716182016 519.206451989684
1449 -91.42757192231855 25.634376528909375 520.3968655977975
1450 -90.83400151357228 26.63518351768205 522.8410920834905
1451 -90.54438601163166 26.745192065952892 525.0904418777834
1452 -90.55153505510515 25.782247821301702 527.106159455908
1453 -90.55773043755417 24.45594993120968 529.129419454667
1454 -90.57623537985717 22.93569994520017 531.2039939562479
1455 -91.1487748685312 21.323533049215918 534.6926190036297
1456 -90.86723479541443 20.598578062342114 535.0000245650211
1457 -90.88043046255774 20.412930048804522 535.0410718190071
1458 -89.63132329201922 20.10458137596407 531.7766754673614
1459 -89.93734703973749 20.45635243736248 531.551358523262
1460 -90.24296357005157 20.807879854920913 531.3253730516063
1461 -90.86059388240022 21.235437672392372 532.9318208141566
1462 -91.81266571519328 21.557902465244894 536.444600666414
1522 -91.69812160304379 26.881257885516387 530.0238028729153
1523 -92.0007587346118 26.873055992062373 529.7892554123198
1524 -91.07118630141181 26.692755432373513 526.39921961505
1525 -91.0945771554307 26.68139740732605 526.4696068885647
1526 -90.4726999286152 26.77868872509756 524.8736805283851
1527 -90.47340954581162 27.132454972433205 524.8797593433682
1528 -90.16653642584822 27.390533516218404 523.1009891224061
1529 -90.16724671703552 27.743164259819647 523.1070683347826
1530 -89.26127233264775 27.910123712424614 519.8058213835396
1531 -89.25121509223887 28.44147517574487 519.7821664752238
1532 -88.95114576055651 28.692907108813635 518.0361790636726
1533 -88.6529327624945 28.94269820356825 516.3010061155866
1534 -88.35729936399193 29.537987363359743 514.5827800990476
1535 -88.65151240183192 29.528956563538326 514.3556874713936
1536 -88.35522373089798 29.42841344000836 512.636294890692
1537 -88.04981410329502 29.16181219464717 510.8940069386484
1538 -88.34011314395397 28.463554745810416 510.6551393470504
1539 -88.89872008890995 27.808642982429692 513.9722032992537
1540 -88.5999245032361 27.02235371211434 512.2407477256439
1541 -88.02148593629923 26.070903004018408 510.7743113986189
1542 -87.73796368777491 25.117397560003887 509.093278988157
1543 -88.31998022851187 24.162288958042925 510.5459114400678
1544 -87.74316640321315 22.451216163069287 507.17109592399424
1545 -88.04197823623821 21.24100476127928 506.9616652189714
1546 -88.32883187242993 19.86658348380631 506.71512380540366
1547 -88.61538829702722 18.493185406019414 506.46861937687027
1548 -88.33314225229921 17.230282483611198 504.81642756230394
1549 -88.33183491044932 16.208205466673466 504.8027944477108
1550 -88.34293045222421 15.009653585210344 504.8271121819574
1551 -87.7642124520447 13.942019784012984 503.3767749278307
1552 -87.20152404607525 12.704859131068604 501.97444060328064
1553 -86.64287015666358 12.150139269875067 500.58900742111217
1554 -85.77612465856383 11.614574256641296 499.3484409809093
1555 -85.22447413608506 11.065842003310859 497.9783259422727
1556 -82.99865370235554 10.25520689864133 492.42193147357955
1557 -83.26635219578905 9.626126759911338 494.0065194096139
1558 -83.26608254178197 8.959729704824484 494.00043037935023
1559 -83.25296978012432 8.46639334971775 493.9528268400059
1560 -83.53525310246765 7.990496833768887 495.59149572704666
1561 -83.25009010433362 7.65839290138071 495.8033529467528
1562 -83.23678423382002 7.1634607926529545 495.7546531245809
1563 -83.2497575859219 6.6555045998085935 495.7945848428369
1564 -82.96422844071292 6.322896061420981 496.00588261961235
1565 -82.96413069402888 5.988515470241108 496.0030252904784
1566 -83.23325074865475 5.677348723810277 497.61066978991875
1567 -82.94640219023245 5.34329658287052 497.8219542581039
1568 -82.93281668262192 4.846699704484701 497.7715458774978
1569 -82.64557810076792 4.51230258869192 497.98199853826054
1570 -82.64545331324354 4.176734919003291 497.9789882599426
1571 -82.35784447462493 3.8420346402112693 498.1888540006952
1572 -82.62559145437271 3.5229131485584624 499.80725724155127
1573 -82.06974889296926 3.171375835301625 498.39515583248044
1574 -82.06963906362803 2.835629046900768 498.3922157078322
1575 -82.33642106435221 2.5132787243979213 500.0111342036283
1576 -82.33631325753737 2.1764953483222156 500.00820354468107
1577 -82.60479972586019 2.1889111188833548 501.63975777781627
1578 -82.04700801464661 1.8399554374858134 500.217443518099
1579 -82.04700801464661 1.8399554374858134 500.217443518099
1580 -82.31441725471728 1.5133880333661998 501.8465981280242
1581 -82.31441725471728 1.5133880333661998 501.8465981280242
1582 -81.75733116088486 1.5032136324311798 500.42607987552964
1583 -81.74354763563542 1.3416037685022562 500.376080478073
1584 -82.02377265800367 1.1754953500259644 502.05578014533023
1585 -82.02377265800367 1.1754953500259644 502.05578014533023
1586 -82.02377265800367 1.1754953500259644 502.05578014533023
1587 -82.02377265800367 1.1754953500259644 502.05578014533023
1588 -82.2919230734456 1.1848008811797202 503.6982348663288
1589 -82.27796269912037 1.022165151281399 503.64739307500713
1590 -81.71899242826112 1.0133474461895258 502.2167224292835
1591 -81.73286057732807 1.1755203252967112 502.26728524556387
1592 -81.73286057732807 1.1755203252967112 502.26728524556387
1593 -82.00004205707661 1.1848253385869822 503.910326132862
1594 -81.44157824229751 1.1755409512354627 502.4781965861557
1595 -81.42773321479113 1.0132999779146075 502.4275948404477
1596 -81.42773321479113 1.0132999779146075 502.4275948404477
1597 -81.42773321479113 1.0132999779146075 502.4275948404477
1598 -81.44157824229751 1.1755409512354627 502.4781965861557
1599 -81.70778936913709 1.1848454209397017 504.12181957961207
1600 -81.13625903599876 1.3515401346220512 502.64108836067726
1601 -81.15004204778126 1.5138825255617783 502.6915184288719
1602 -81.15016238190677 1.8522140542884182 502.69455155675877
1603 -80.59557216384292 2.1784459320104994 501.2723564532145
1604 -80.04423691582276 2.839286346433895 499.86126110811585
1605 -79.4961428077007 3.831950501173753 498.46128455200295
1606 -78.73281656010174 5.442273239133955 493.6832569541754
1607 -78.6244618126886 7.2731808335588 483.2635185776269
1608 -84.37777755719037 9.356748654583274 496.78059492423864
1609 -84.37840483786186 10.697072915670637 496.7932098297023
1610 -83.8219192474244 12.332199896011938 495.41693697104165
1611 -83.83541985980006 14.164285203138988 495.4756380349668
1612 -84.12082561761042 16.16511153274902 495.27930158378973
1613 -84.41832743488212 18.660248333416078 495.12590366379885
1614 -84.71522175795948 21.154410326352334 494.9703154908058
1615 -84.44318640070622 23.74812501324477 493.3980558928414
1616 -85.01324955380022 26.32054974084141 494.8404711452502
1617 -91.02350539274478 33.06814600316623 528.3516404595689
1618 -90.72204135780463 35.79518713101531 526.6147160521604
1619 -90.12237922264862 38.516987883944054 525.1213524955192
1620 -90.1435246893686 41.87797207120979 525.230402574864
1621 -90.17226723232292 45.057177556794144 525.3533970176461
1622 -90.52517939081316 48.0347979164505 527.3023698596915
1623 -112.1577415969508 31.369756012628333 644.5660401483034
1624 -90.22286725471223 54.625658703677345 525.6337631185318
1625 -89.9574110728067 56.03902599204831 525.9593740724074
1626 -90.61915240298455 57.286094709712195 529.6766697157101
1627 -90.352065124513 58.35425079515401 529.9988155163327
1628 -90.68402664689782 59.978110212235904 531.8878819056532
1629 -91.0002132690516 61.56780988954742 531.6990419450864
1630 -91.63193502260317 63.37309950157533 533.3479226078287
1631 -91.9393742861234 64.79189389558115 533.136407444785
1632 -92.25367575919114 65.6646621372562 532.9300565934342
1633 -91.92888229223357 66.3423831941875 531.0922543030848
1634 -92.23316685873998 67.0379183950743 530.8683841344766
1635 -92.53781267122683 68.09131682510011 530.6503330935726
1636 -92.84133951387143 68.78577351751441 530.4254396949732
1637 -93.47442914571961 69.53172866797661 532.0446606672095
1638 -93.47516833132339 69.89109057054976 532.0509583846647
1639 -93.47591382621235 70.25046731970927 532.0572891349394
1640 -94.10475948178623 70.82898188239493 533.6712783303244
1641 -93.77177669844069 70.77257040768981 531.8161874298232
1642 -94.4013064886103 71.35249686002207 533.4290747379999
1643 -94.40917543475567 71.5264724450985 533.4429351456693
1644 -94.71240483388753 71.8631522798715 533.2075193370598
1645 -94.71319897380891 72.22345333237091 533.2140542572367
1646 -94.71399957995581 72.58376975107146 533.2206226821907
1647 -95.34722984447907 72.80934752770904 534.8353567549431
1648 -95.34722984447907 72.80934752770904 534.8353567549431
1649 -95.34804907055336 73.17077179754443 534.8420071602072
1650 -95.34804907055336 73.17077179754443 534.8420071602072
1651 -95.34887482567711 73.53221166826391 534.8486912887662
1652 -95.3566057386967 73.70657415146522 534.861563036185
1653 -95.34970711162778 73.89366720814367 534.8554091501499
1654 -95.35054593018015 74.25513848548377 534.8621607538796
1655 -95.35818003112843 74.42945570730227 534.8745507354047
1656 -95.66163709529951 74.76600090953846 534.6370120639757
1657 -95.66244334951753 75.12735986288165 534.6435866340072
1658 -95.6557722430799 75.31457221355579 534.6385659571242
1659 -95.66325618684562 75.48873445804821 534.6501950828356
1660 -95.66407560906298 75.85012476366668 534.6568374199659
1661 -95.32515826310367 75.77694751513867 532.7953663898617
1662 -95.33250863592902 75.9504484414379 532.8064196850164
1663 -95.66573421526677 76.57295278089006 534.6702237970984
1664 -95.66573421526677 76.57295278089006 534.6702237970984
1665 -95.33416173267074 76.67088319406349 532.8197699554448
1666 -95.6674191823062 77.29584446404822 534.68374584125
1667 -95.6674191823062 77.29584446404822 534.68374584125
1668 -95.66827155555808 77.65731435217295 534.6905577621208
1669 -95.67553557806517 77.83137608134535 534.7009226415415
1670 -95.33669070821965 77.75165472385558 532.8400491443572
1671 -95.34387074337532 77.9250780403615 532.8500852919776
1672 -95.33754686185405 78.11194401499547 532.8468765870653
1673 -95.34467858451438 78.2853412310353 532.8566733024348
1674 -95.33840959929051 78.47224947777194 532.8537379019206
1675 -95.97312805739156 78.71547329508336 534.4664265585652
1676 -95.98024007818941 78.88937107700743 534.4760310119826
1677 -95.97401008690974 79.07688718452111 534.4733718687232
1678 -95.97401008690974 79.07688718452111 534.4733718687232
1679 -95.6475114754466 78.97944608780065 532.6259390554226
1680 -95.9810733490372 79.25075806716177 534.4827353975596
1681 -95.64136196185395 79.16640448474443 532.6235853128333
1682 -95.64136196185395 79.16640448474443 532.6235853128333
1683 -95.6483421917598 79.33963653560708 532.6326264242639
1684 -95.6483421917598 79.33963653560708 532.6326264242639
1685 -95.6483421917598 79.33963653560708 532.6326264242639
1686 -95.64224779069342 79.5266383916727 532.630546104957
1687 -95.9827598367116 79.97358041612993 534.49624645158
1688 -95.34797581026119 79.72655328745863 532.8833641454353
1689 -95.34797581026119 79.72655328745863 532.8833641454353
1690 -95.34797581026119 79.72655328745863 532.8833641454353
1691 -95.34192642185282 79.91363441866243 532.8815220697572
1692 -95.67442294087316 80.18805885903723 534.7391921999106
1693 -95.67442294087316 80.18805885903723 534.7391921999106
1694 -95.67442294087316 80.18805885903723 534.7391921999106
1695 -95.67442294087316 80.18805885903723 534.7391921999106
1696 -96.01517626156712 80.27597635612369 536.6108173017444
1697 -95.37780053239555 80.02706711489174 534.9852235262506
1698 -95.71141189693208 80.30275263561975 536.8557783047604
1699 -95.40721333743323 80.32942325377634 537.1000797152863
1700 -95.74106464433147 80.242756939309 538.9767313784969
1701 -95.09466363008947 79.81806535021263 537.3275308720858
1702 -95.10090197540043 79.62975959396047 537.3300872509685
1703 -95.42735299913049 79.72950094119896 539.2046278272388
1704 -95.43367205769668 79.54062958240114 539.2074940700531
1705 -94.78783991430845 79.11783082509564 537.5564135741101
1706 -95.1267072291291 79.20238869637741 539.4444675736428
1707 -95.11944573890544 79.02680137290083 539.4342571918885
1708 -95.11944573890544 79.02680137290083 539.4342571918885
1709 -95.11944573890544 79.02680137290083 539.4342571918885
1710 -95.11944573890544 79.02680137290083 539.4342571918885
1711 -94.78697118627196 78.75461083958955 537.5494363645514
1712 -95.11944573890544 79.02680137290083 539.4342571918885
1713 -95.1267072291291 79.20238869637741 539.4444675736428
1714 -95.11944573890544 79.02680137290083 539.4342571918885
1715 -94.48062395745058 78.41708027714705 537.7847566710612
1716 -94.81114433008435 78.32358402471567 539.6633418143128
1717 -94.17217937341734 77.35242274375959 538.0057083856644
1718 -93.86338112591388 76.2870963918129 538.2262748401786
1719 -93.5465753898717 75.04560269902443 538.4339326756677
1720 -93.55035626769475 73.40366600878689 538.4136653034326
1721 -93.53127783347102 71.59864715064641 538.3588077139373
1722 -93.85343535264538 69.294280883949 540.1981250111056
1723 -93.83079293860409 66.3898769195011 540.1168092929113
1724 -93.50545945082733 62.589294784204284 540.269367061609
1725 -93.79597257579469 57.88813367767613 542.0189114089579
1726 -95.71454084405742 52.94704423006718 549.0635065551105
1727 -96.37336279623793 47.554828257824354 552.8458124412708
1728 -97.74319848744418 42.40232228515378 558.5315298359488
1729 -98.75055682994967 37.973027976522445 562.2164265922912
1730 -99.43680274521883 34.86957966815108 563.9916340808121
1731 -99.44674265986632 33.156934379638294 564.0035320216532
1732 -99.09748612851294 31.706187422059983 561.9795446431426
1733 -98.68543983466837 30.15512354789402 557.6212061769025
1734 -98.27929083131299 29.37156288895425 553.3314287125471
1735 -96.92308617128501 29.061118570864014 547.6919778159279
1736 -95.91813311129074 29.049264827757444 544.03874623085
1737 -94.64377963743291 29.035805353156757 540.7508519284697
1738 -92.11555722998501 28.660389067385008 534.2130172817535
1739 -59.07208561093758 25.554418100074784 448.01829172957815
1740 -91.20082641657281 26.311626643688623 530.8194663207888
1741 -91.19919877608184 24.52443969660037 530.7988532993983
1742 -91.1982919783426 23.45223615879877 530.786858886546
