123 -27.71006272634043 8.24736037135907 166.23115672052032
124 -27.548403433727895 8.378957379621735 166.55676876929883
125 -27.46670632036823 8.440550164872311 166.71712205637843
126 -27.419815115253382 8.519732858688055 167.08908127216375
127 -27.45391531476775 8.644792048300511 167.29711305805063
128 -27.48808155328761 8.770122959564082 167.505549884357
129 -27.475050330374412 9.147153056235743 168.09073908094098
130 -27.461016930329798 9.4635349426419 168.67518809169377
131 -27.529796231880066 9.718142960982998 169.0981565101469
132 -27.59800669644372 9.91056009507575 169.51828310240023
133 -27.632961458437336 10.156680575737905 169.73347619915674
134 -27.618714213498905 10.360800631432946 170.32511398920346
135 -27.73604968474767 10.361540926362515 170.36777799826666
136 -27.770769940296763 10.199164166968929 170.58003211228808
137 -27.770600307888152 9.907512473086824 170.5776488897443
138 -27.887434303748787 9.671316172195139 170.61560217809998
139 -27.921511679164297 9.444292013230585 170.82365245891938
140 -28.03803754379214 9.262697882607936 170.85951859970487
141 -28.155907891005576 9.089779571518472 170.90171564274942
142 -28.154760064860135 8.90759699450746 170.89521916753648
143 -28.189189007786336 8.679485131729267 171.10379802052145
144 -28.18885877081049 8.560806259353363 171.10158693223488
145 -28.305968539515316 8.497650655639823 171.13982421774423
146 -28.30564274751235 8.37896730168438 171.1376557420384
147 -28.305317840669073 8.260287196782054 171.13549446802236
148 -28.423245104385796 8.260755404840424 171.17774491810218
149 -28.458676262931178 8.269312481108262 171.3911445118544
150 -28.541212899989127 8.261219602593094 171.21991037195124
151 -28.576781111281676 8.269774858525068 171.43330262745175
152 -28.576781111281676 8.269774858525068 171.43330262745175
153 -28.612418221453176 8.278346686977565 171.647108195243
154 -28.694485328803033 8.325381362250361 171.4735228051694
155 -28.731030297379085 8.397783985816504 171.691336211143
156 -28.813442079967352 8.38955108081123 171.51952150740587
157 -28.84890682624817 8.453477913513805 171.73143293344307
158 -28.849685939696943 8.517246862798823 171.73548297007395
159 -28.849234580817633 8.57247276355258 171.7335746424741
160 -28.850018677427013 8.636247318238912 171.73765862117972
161 -28.885545231333055 8.700516528353555 171.94993262303697
162 -28.885545231333055 8.700516528353555 171.94993262303697
163 -28.885545231333055 8.700516528353555 171.94993262303697
164 -28.921927448865286 8.828842713733215 172.16671894750485
165 -28.922258764170664 8.948108910011033 172.16888778595006
166 -28.92180294067422 9.003464433436507 172.16687245957326
167 -28.92259097414374 9.067378373969744 172.17106374752325
168 -28.83951398184648 9.131722034683984 172.3421174950065
169 -28.840304807106772 9.195704425313558 172.34635309961885
170 -28.840304807106772 9.195704425313558 172.34635309961885
171 -28.840304807106772 9.195704425313558 172.34635309961885
172 -28.840304807106772 9.195704425313558 172.34635309961885
173 -28.840304807106772 9.195704425313558 172.34635309961885
174 -28.840304807106772 9.195704425313558 172.34635309961885
175 -28.840304807106772 9.195704425313558 172.34635309961885
176 -28.840304807106772 9.195704425313558 172.34635309961885
177 -28.83951398184648 9.131722034683984 172.3421174950065
178 -28.83951398184648 9.131722034683984 172.3421174950065
179 -28.83951398184648 9.131722034683984 172.3421174950065
180 -28.83951398184648 9.131722034683984 172.3421174950065
181 -28.83997255420402 9.076313570717854 172.3441655997106
182 -28.83997255420402 9.076313570717854 172.3441655997106
183 -28.83997255420402 9.076313570717854 172.3441655997106
184 -28.83997255420402 9.076313570717854 172.3441655997106
185 -28.83997255420402 9.076313570717854 172.3441655997106
186 -28.83918670535777 9.012336986374853 172.33996412387
187 -28.839641192547205 8.95692600467132 172.34198523638582
188 -28.839641192547205 8.95692600467132 172.34198523638582
189 -28.839641192547205 8.95692600467132 172.34198523638582
190 -28.839641192547205 8.95692600467132 172.34198523638582
191 -28.839641192547205 8.95692600467132 172.34198523638582
192 -28.839641192547205 8.95692600467132 172.34198523638582
193 -28.839641192547205 8.95692600467132 172.34198523638582
194 -28.839641192547205 8.95692600467132 172.34198523638582
195 -28.840104480736574 8.901514051179024 172.3439879017987
196 -28.840104480736574 8.901514051179024 172.3439879017987
197 -28.840104480736574 8.901514051179024 172.3439879017987
198 -28.840104480736574 8.901514051179024 172.3439879017987
199 -28.839310722277233 8.837541712925114 172.33981200976322
200 -28.839310722277233 8.837541712925114 172.33981200976322
201 -28.876159671285794 8.910808172769443 172.55946536200375
202 -28.875364961745934 8.84677362247084 172.55528250266016
203 -28.876159671285794 8.910808172769443 172.55946536200375
204 -28.876159671285794 8.910808172769443 172.55946536200375
205 -28.876159671285794 8.910808172769443 172.55946536200375
206 -28.876159671285794 8.910808172769443 172.55946536200375
207 -28.876159671285794 8.910808172769443 172.55946536200375
208 -28.958846590667086 8.902026530251401 172.38593574809445
209 -28.958846590667086 8.902026530251401 172.38593574809445
210 -28.958381439329777 8.957452156417645 172.3839348401824
211 -28.958381439329777 8.957452156417645 172.3839348401824
212 -28.958381439329777 8.957452156417645 172.3839348401824
213 -28.958381439329777 8.957452156417645 172.3839348401824
214 -28.958381439329777 8.957452156417645 172.3839348401824
215 -28.922258764170664 8.948108910011033 172.16888778595006
216 -28.922258764170664 8.948108910011033 172.16888778595006
217 -28.839641192547205 8.95692600467132 172.34198523638582
218 -28.803202489275062 9.002922633825188 172.1249128874492
219 -28.720488256206274 9.011792764682388 172.29792670382014
220 -28.684520186375835 9.176941755885776 172.08295549904128
221 -28.60158878910094 9.360718782582788 172.2559113263304
222 -28.565762582855523 9.525432318428168 172.04080515531226
223 -28.447598047736925 9.644012142864593 172.0006837012822
224 -28.447598047736925 9.644012142864593 172.0006837012822
225 -28.29336852861009 9.688426714121924 171.7415198137452
226 -28.175110163352755 9.687752035296565 171.69912408771177
227 -28.05750647525622 9.925166081483837 171.6608063726692
228 -27.987416444912906 10.078106043045398 171.23249495802008
229 -27.870120729906315 10.314920316560613 171.19406492540082
230 -27.71794981215934 10.421911575160522 170.94004256062138
231 -27.48219824282157 10.475210922159214 170.85207367367983
232 -27.129937738900452 10.417882652411391 170.72546089663385
233 -26.81144367760416 10.545086028855094 170.81129627890925
234 -26.45940564114995 10.661148127090785 170.68291143499835
235 -26.192077025648317 10.939760649467702 170.3837245256315
236 -25.959133330534147 11.238531214162798 170.30493759832498
237 -25.69315382622504 11.342944915807811 170.005899407059
238 -25.42767404633964 11.32889777437041 169.7047638148301
239 -25.194521818167594 11.326864380183476 169.61600946520844
240 -24.845544704584466 11.269352314915567 169.48486239639894
241 -24.496973766155055 11.211877886581522 169.35296247690516
242 -24.1178221603738 11.079030038439699 169.00316313968736
243 -23.624703502767453 10.891323228854223 168.6100773102777
244 -23.133766018502758 10.82163678751419 168.2183253512431
245 -22.731207162295334 10.741797420435352 167.66115713924734
246 -22.24477464114601 10.618849377083592 167.27085824782222
247 -21.819044358555818 10.412218384554 166.5030613341054
248 -21.423908142200933 10.164476470099757 165.94837166123563
249 -20.978332001145713 10.066068471457152 164.9810779441579
250 -20.424644259429108 10.020194445437655 163.96996557587053
251 -19.926879462622985 9.942808837125988 163.3736035983417
252 -19.345191345985555 9.875007978807096 162.93308290548848
253 -18.93957631451812 9.6650336384035 162.17280315524874
254 -18.474059250635317 9.484993960069986 161.77709578683528
255 -18.097875027210232 9.462358866121882 161.2283840412798
256 -17.636394797847547 9.448452912275261 160.83220883249038
257 -17.28619040427829 9.435547796721448 160.48456237773775
258 -16.916206826056733 9.412897607883119 159.9371337911819
259 -16.56889848846402 9.287182504808378 159.58705688983986
260 -16.223230321996162 9.110655907980226 159.23898383586908
261 -15.96623381911819 8.916238941492916 158.7359419383211
262 -15.731007102550892 8.741979620081052 158.43815122197074
263 -15.388894001330547 8.618039208828037 158.0882285395643
264 -15.262361621051472 8.496420325136606 157.83883018633833
265 -15.047954330887825 8.382676039310168 157.7357140148086
266 -14.922159404377338 8.261529351002958 157.4865696311284
267 -14.708374778400227 8.14802793609141 157.38308032733192
268 -14.601491317880107 8.03552749695928 157.33002493797235
269 -14.49483342379654 8.034594944908905 157.2793160587549
270 -14.476625008570927 7.915013471307074 157.08109559274453
271 -14.369996438816885 7.802713598606209 157.02793539345396
272 -14.26358925537623 7.801813113069162 156.9771035723163
273 -14.245834737656278 7.793894396424784 156.78170655077852
274 -14.139771974772161 7.904211620263516 156.73322319446677
275 -14.034000536937684 7.964132117758002 156.686635883937
276 -13.998868965514271 7.998211802840887 156.29506819291868
277 -13.893021594855128 7.997258336663225 156.24409015918906
278 -13.858897724147102 8.041662271528313 155.860367358411
279 -13.753130903697626 8.090771251626514 155.80739642911897
280 -13.719006121768398 8.074375766486863 155.4208069392772
281 -13.613935058738486 8.183824315520642 155.37218596834504
282 -13.49215991061146 8.28481817877603 155.13079835564474
283 -13.458732928830726 8.268037418541198 154.74647003582498
284 -13.354379309115025 8.32734258852487 154.69981959090805
285 -13.321104886761677 8.360090386628585 154.3149486021213
286 -13.216690997570483 8.359031743701284 154.26381912952635
287 -13.112699876360532 8.41819293278753 154.2171055759877
288 -13.096252210594516 8.459164093651292 154.02421418811983
289 -12.992300555683128 8.408610635839842 153.975023926816
290 -12.97587198174028 8.340008268271736 153.78008866669666
291 -12.871890652405941 8.338937325543991 153.7288025970406
292 -12.872103877989918 8.289546228720535 153.73082588042004
293 -12.768180763621547 8.288488301679918 153.67947630252672
294 -12.768180763621547 8.288488301679918 153.67947630252672
295 -12.6641834439234 8.177978643242255 153.6256148068241
296 -12.6641834439234 8.177978643242255 153.6256148068241
297 -12.560251164663569 8.067510697152098 153.57169407626432
298 -12.560251164663569 8.067510697152098 153.57169407626432
299 -12.544376008279373 7.999367674411214 153.37730625002655
300 -12.456185078917528 8.006416696216506 153.51575554292768
301 -12.456384049794416 7.957084601345446 153.51771423792508
302 -12.456253197101182 7.847689885459114 153.51529311497583
303 -12.440510618511567 7.779798838406147 153.32099736788123
304 -12.440707082156749 7.730522629057088 153.32290349847082
305 -12.44038166212675 7.6705321920348535 153.31862262195983
306 -12.440576977263776 7.6212534496706 153.32050430038464
307 -12.440252969228563 7.561269375356499 153.31625726367452
308 -12.440252969228563 7.561269375356499 153.31625726367452
309 -12.455667847841951 7.56887141809952 153.50622538279646
310 -12.455667847841951 7.56887141809952 153.50622538279646
311 -12.455667847841951 7.56887141809952 153.50622538279646
312 -12.45553919940125 7.459494680969036 153.50386631393965
313 -12.47098301450338 7.466993150976168 153.6941906062804
314 -12.47098301450338 7.466993150976168 153.6941906062804
315 -12.559262025276237 7.4604141988218515 153.55542645485357
316 -12.558942021383228 7.400383658905325 153.55126126619925
317 -12.574510517034424 7.407824860116632 153.7416008308843
318 -12.574510517034424 7.407824860116632 153.7416008308843
319 -12.678740218714006 7.4688278219199375 153.79728874945968
320 -12.678740218714006 7.4688278219199375 153.79728874945968
321 -12.678740218714006 7.4688278219199375 153.79728874945968
322 -12.694596510447923 7.585993851312907 153.99037913677742
323 -12.694596510447923 7.585993851312907 153.99037913677742
324 -12.694596510447923 7.585993851312907 153.99037913677742
325 -12.798694095580856 7.586926354146687 154.0418496185888
326 -12.79882867165869 7.696605272660021 154.04422006452992
327 -12.814708230220745 7.7043673852710555 154.23533680612334
328 -12.814708230220745 7.7043673852710555 154.23533680612334
329 -12.830753204923381 7.822063997403919 154.42920184846304
330 -12.830753204923381 7.822063997403919 154.42920184846304
331 -12.84682910802134 7.94001693720025 154.62344580393636
332 -12.935304157044406 7.932977578956287 154.48303975745148
333 -12.951508406464866 8.05107333228317 154.67731584486356
334 -13.056252500816328 8.162171229239522 154.73112566668922
335 -13.088871366165524 8.289083977485397 155.11844326268164
336 -13.282411401501712 8.393009593562342 155.03087293009918
337 -13.420924449243483 8.632199788465014 155.47274255442682
338 -13.631606599105703 8.744951247468856 155.57750015437304
339 -13.948173378617863 8.969528834437329 155.73537408003418
340 -14.282764682714106 9.25385274703877 156.0840479329709
341 -14.619121025849228 9.599885931764712 156.43727694067877
342 -14.974982477999276 9.8963092304229 156.98040553725383
343 -15.420904721410094 10.18509976738472 157.37900211492064
344 -15.781163611971584 10.484382249794587 157.92314386078922
345 -16.10386180073897 10.712174140410356 158.0774293570038
346 -16.35981809987449 10.849295273403426 158.57253929180945
347 -16.57562308406912 11.015163821014973 158.67143701990432
348 -16.683864844677217 11.12880213902091 158.72329491941588
349 -16.813038492297274 11.254164744550328 158.97242711992246
350 -16.94257164475672 11.379827971152086 159.2219040956258
351 -17.07246499808901 11.505792351920627 159.471726093479
352 -17.29005647779663 11.62139964360735 159.57242082174008
353 -17.44149070179052 11.749753343869504 160.01344024494122
354 -17.5721037587094 11.814922433693491 160.2589516296039
355 -17.725354261898794 12.00610923974035 160.70729162396734
356 -17.989254833162764 12.199740008375716 161.2058634944093
357 -18.27740924856434 12.407406715931167 161.90777116041065
358 -18.677858733838736 12.607918502237276 162.65320026961078
359 -19.169683239548004 12.86048628951128 163.25051482246397
360 -19.82623162816595 13.144068627641238 164.3069794744061
361 -20.603077978695808 13.316036299403462 165.4132522357259
362 -21.617385782128935 13.439324412634328 166.62022577703323
363 -22.81694224838229 13.420178539478071 167.4980711483089
364 -24.082850589318642 13.436254322494822 167.9990957966076
365 -25.238589494763374 13.450190850498718 168.44603021317172
366 -26.165742551238708 13.39752074932241 168.79256139199902
367 -27.09607583555852 13.290184479578361 169.13696121053255
368 -28.11112652590295 13.169425955532457 169.3086220929276
369 -29.010925466178417 13.110335193646712 169.4375020150639
370 -30.108465351289638 13.03920420344266 169.4347600104491
371 -31.087148383770348 13.02103380285315 169.3826734325398
372 -32.063462405233196 12.939734495578831 169.32095979258267
373 -32.921800528276094 12.920191930536195 169.2207227352087
374 -33.46841681822557 12.973843220593794 169.21238598434815
375 -33.8974359292861 13.02642793229434 169.16460325992662
376 -34.28405072540146 13.11958046301976 168.9090606625145
377 -34.71120518048636 13.225962204630305 168.85716615111403
378 -35.02047190154708 13.214827661809696 168.7654983060165
379 -35.40482861658422 13.253169418563205 168.5127716935095
380 -35.59543896702961 13.295217477981682 168.38128710078558
381 -35.78734896521605 13.34530796515783 168.2575921531082
382 -35.90416053002877 13.346083123295802 168.29401296464812
383 -36.0210015380161 13.346851957617762 168.33035096990739
384 -36.09508247481602 13.450012853150742 168.16739531535694
385 -36.21185632952149 13.450781904288592 168.20358367896623
386 -36.403059217791544 13.500602515829941 168.0798272382076
387 -36.59291788897006 13.48838819131844 167.95134118844234
388 -36.82628276767646 13.489864760645697 168.02287644425084
389 -37.0593639819139 13.375470636885629 168.0921481773241
390 -37.32165719631428 13.296677233981372 167.80191278937565
391 -37.553836111740615 13.236251738310584 167.867627268915
392 -37.976310333920054 13.171708356843883 167.81140012957508
393 -38.39762472223831 13.160981607505539 167.75157388111384
394 -38.772676789552236 13.137018999901109 167.4932379685266
395 -39.006376109430356 13.08444358980821 167.5643076379422
396 -39.30933891441514 12.95787431198194 167.46699765536607
397 -39.65916391884554 12.790516148141522 167.56895314303847
398 -40.03106044896358 12.652083451617463 167.30768465341745
399 -40.380654134219824 12.484765239732674 167.40797493941557
400 -40.798525582282345 12.35923690463545 167.34186830169253
401 -41.10020514663584 12.179738722014918 167.2449780334729
402 -41.517050875865834 12.054525529099346 167.177654111214
403 -41.86575193140955 11.940837063556542 167.27216975171987
404 -42.23360194778309 11.7505537455436 167.0114535107505
405 -42.46570279756556 11.636588192958078 167.07287702630583
406 -42.76417799700346 11.397116237176562 166.96983159005998
407 -43.012889376976524 11.261443913233888 166.67558145373675
408 -43.24578521199672 11.208380916117994 166.73998396462065
409 -43.4787736261175 11.155255253294069 166.80403081050892
410 -43.66022263177372 11.030670249188997 166.6712801228707
411 -43.84136370185163 10.906304957964894 166.53866942429286
412 -43.95687497494218 10.792396764939962 166.56733214554612
413 -44.072877451983594 10.792572437467959 166.59779363861256
414 -44.18768758634865 10.73218354803906 166.6242293222646
415 -44.30446064533799 10.678798311924005 166.65660475531587
416 -44.420040515523276 10.564839228068182 166.6849625658619
417 -44.4849664504536 10.554812128643528 166.52362452793872
418 -44.53563729813323 10.45086605085979 166.71324735373207
419 -44.599989817179534 10.326940420878852 166.5500136959129
420 -44.65077759342371 10.222761282798514 166.73961547051914
421 -44.7150316623603 10.099051102386488 166.57634801387127
422 -44.765936280277586 9.994639027364943 166.76592850484818
423 -44.764303412357656 9.820024523207922 166.76039767014564
424 -44.76338035709863 9.5918114357395 166.75681529707458
425 -44.81505852168977 9.433122327955864 166.94858026201712
426 -44.813466683834505 9.258377328841945 166.94320873429123
427 -44.81320394267487 8.976269688100917 166.9413938204201
428 -44.7475093528916 8.756184036539626 167.0999501283843
429 -44.6951602630012 8.519432868962909 166.90431267533384
430 -44.62937819873278 8.298941605334512 167.06284030538282
431 -44.629540590379655 8.130899025408864 167.06261778336088
432 -44.51173764055899 7.956064574187776 167.0274637873211
433 -44.511884605930796 7.788039860599859 167.02718576909763
434 -44.51143109035215 7.673759552915086 167.02542226103796
435 -44.39471171364492 7.559505200498535 166.99346463705564
436 -44.39426134000321 7.445235968131691 166.99170997246884
437 -44.39381211374923 7.330969242033999 166.98996035080748
438 -44.39439228367224 7.277227524659393 166.99130827970123
439 -44.34228545578729 7.209893098539982 166.79606235239388
440 -44.34228545578729 7.209893098539982 166.79606235239388
441 -44.342858914412446 7.156211588885205 166.7973841959338
442 -44.39393800775661 7.162961663497139 166.98954021822698
443 -44.39393800775661 7.162961663497139 166.98954021822698
444 -44.45900746711754 7.156162487507112 166.82761438207797
445 -44.45900746711754 7.156162487507112 166.82761438207797
446 -44.45900746711754 7.156162487507112 166.82761438207797
447 -44.57517342432422 7.156110127789017 166.8577631900833
448 -44.57517342432422 7.156110127789017 166.8577631900833
449 -44.57517342432422 7.156110127789017 166.8577631900833
450 -44.63944166629774 7.202972393113011 166.69478283153097
451 -44.6918129543064 7.270223299327457 166.88959287802857
452 -44.69078026749409 7.209765452585887 166.8865123454914
453 -44.69078026749409 7.209765452585887 166.8865123454914
454 -44.756557985036466 7.263326468671085 166.72787234825336
455 -44.756557985036466 7.263326468671085 166.72787234825336
456 -44.75597495032019 7.3169838547653825 166.7265345010508
457 -44.75701579989853 7.377388876456204 166.72963623006052
458 -44.75642652943196 7.431044611916602 166.7282750102548
459 -44.757474764778 7.4914538061322515 166.731405110125
460 -44.757474764778 7.4914538061322515 166.731405110125
461 -44.757474764778 7.4914538061322515 166.731405110125
462 -44.69272906341985 7.49856843761558 166.8931324540334
463 -44.69272906341985 7.49856843761558 166.8931324540334
464 -44.69272906341985 7.49856843761558 166.8931324540334
465 -44.693188840706746 7.612744806649614 166.89490975246306
466 -44.6925875654548 7.66644906794043 166.89349779856408
467 -44.576855811836595 7.780642248725497 166.8651941331082
468 -44.576855811836595 7.780642248725497 166.8651941331082
469 -44.577310813964424 7.894815986140086 166.86695927203326
470 -44.512795078092594 8.016608084079616 167.03072787182188
471 -44.46159605951383 8.008992710865698 166.8385880088955
472 -44.46159605951383 8.008992710865698 166.8385880088955
473 -44.46159605951383 8.008992710865698 166.8385880088955
474 -44.46159605951383 8.008992710865698 166.8385880088955
475 -44.461140753826044 7.894822441662143 166.8368165822472
476 -44.3960697176519 7.902328032987029 166.998758887942
477 -44.3960697176519 7.902328032987029 166.998758887942
478 -44.34498808960843 7.894825294687239 166.8065925130068
479 -44.34498808960843 7.894825294687239 166.8065925130068
480 -44.34498808960843 7.894825294687239 166.8065925130068
481 -44.34498808960843 7.894825294687239 166.8065925130068
482 -44.34498808960843 7.894825294687239 166.8065925130068
483 -44.34498808960843 7.894825294687239 166.8065925130068
484 -44.344388066679876 7.9484955088747276 166.80510379026197
485 -44.344388066679876 7.9484955088747276 166.80510379026197
486 -44.34544254842759 8.008989505109055 166.8083652074824
487 -44.28027175659283 8.016603029639475 166.97025804805008
488 -44.27966604339139 8.070323371005058 166.96874172325263
489 -44.27907089186906 8.124042648517731 166.96719914220307
490 -44.16327980789182 8.23828080573157 166.93857515227745
491 -44.046911240999435 8.406199987950345 166.90825940445436
492 -43.865397161353386 8.696607308910083 167.04154468659675
493 -43.683564318497424 8.987521039174325 167.17486392353925
494 -43.38642056870461 9.45416016926454 167.28259894417266
495 -42.838789961207716 9.940395531877659 167.68536234937017
496 -42.23907568655644 10.41902554792612 167.8935691032446
497 -41.405974352137065 11.021237547360794 168.04457021132978
498 -40.61734286880957 11.575418422737004 168.38688707657158
499 -39.778401891425524 11.950435034806079 168.53024883366956
500 -38.983111339996995 12.22283247768199 168.8689144862306
501 -38.13787627160988 12.251479076124841 169.00140135343352
502 -37.31733935938613 12.364326426454175 168.75808619617823
503 -36.46825499330942 12.501399110404721 168.87819689338082
504 -35.57618368705813 12.804618559308208 168.79953034199076
505 -34.75874899292425 12.978850444499388 168.54843124272892
506 -33.9825167216932 13.103645999551732 168.49139309237833
507 -33.32241831633742 13.112545077281624 168.4667973883196
508 -32.66278987765423 13.06726114337486 168.4425091322575
509 -32.079790693591 13.063263738350612 168.24780275200615
510 -31.5355611516466 12.955916522474913 168.2530477339596
511 -30.913422442669674 12.923483987580191 168.42726674935162
512 -30.331317783333553 12.919158325147983 168.2261267034794
513 -29.82379236536917 12.887369260001021 168.437696642596
514 -29.314136147855105 12.909530068455767 168.64619990961668
515 -28.88434613665146 12.747932043715764 168.68826508119145
516 -28.48715548658865 12.472793994869424 168.92701240031784
517 -28.17129639306708 12.130685752193637 169.00195611335033
518 -27.889601471586765 11.800348399087508 169.28607508641892
519 -27.607566174022153 11.414396564022987 169.57362897476554
520 -27.44035537194039 11.136901965656488 169.89989357131842
521 -27.35759235952063 10.974954776752462 170.0684830710885
522 -27.390357096080724 10.804469820392754 170.27290114182964
523 -27.4579963559603 10.589950037370913 170.69290124329032
524 -27.524821835097928 10.018087728688522 171.10705085933753
525 -27.674157700909664 9.251775730725985 171.34448423617619
526 -27.70599115383622 8.309186597476955 171.53971568291638
527 -27.738277701141254 7.483861485708776 171.73808516640764
528 -27.854826565872386 6.8885833335820434 171.76935788574485
529 -27.888034340922378 6.299422399913614 171.9731624187631
530 -28.00445488364284 5.584216743136362 172.0025104723223
531 -28.1689024169851 4.859405271046204 171.64492169293086
532 -28.298055924850974 4.370762779484564 171.07994399736086
533 -28.261211902377315 3.9477253825483514 170.85785486616203
534 -28.34308503067522 3.5339223481570876 170.6823277141048
535 -28.424446269239823 3.175879371975163 170.50639283090513
536 -28.423819811523167 2.9394777009794257 170.50237113478087
537 -28.38730256460591 2.637490043165738 170.28423175011295
538 -28.38669410012962 2.4013757512769818 170.28034152324759
539 -28.38639121399959 2.2833226907775974 170.2784071887237
540 -28.386381324159398 2.110407854266538 170.2769110851745
541 -28.467552427802044 1.9273352973275268 170.1036099082521
542 -28.43197995368012 1.8079811047761698 169.8909278590142
543 -28.431681301821705 1.6901852501224406 169.88903665135376
544 -28.513215550850706 1.5708994744437264 169.7188733991118
545 -28.51291797503443 1.453223642371966 169.71700038711006
546 -28.513187019171724 1.3985336190475788 169.71726807693304
547 -28.512621304634635 1.3355503990645463 169.71513453676158
548 -28.512886299880176 1.280860149901739 169.71537595612457
549 -28.512325539746467 1.2178797301203559 169.7132758480626
550 -28.47731651348398 1.1624760838554278 169.50354129609744
551 -28.476761374428364 1.0995587553497868 169.50147812490056
552 -28.477018095255254 1.0449358214510853 169.50166685102383
553 -28.558320501662372 0.9265369247439206 169.33227921404443
554 -28.558320501662372 0.9265369247439206 169.33227921404443
555 -28.558320501662372 0.9265369247439206 169.33227921404443
556 -28.558023175017922 0.8091160774138625 169.33042291558306
557 -28.558023175017922 0.8091160774138625 169.33042291558306
558 -28.52221419122085 0.7459997124529882 169.11933848348775
559 -28.522459191805126 0.6914979041231631 169.11944681302617
560 -28.440927794118352 0.6921295990454903 169.2865521727721
561 -28.44063349105369 0.5747273002800923 169.28470974026652
562 -28.44063349105369 0.5747273002800923 169.28470974026652
563 -28.405207922300374 0.45738204589013765 169.07374762390742
564 -28.405207922300374 0.45738204589013765 169.07374762390742
565 -28.405207922300374 0.45738204589013765 169.07374762390742
566 -28.40491592290355 0.34011225230205333 169.07192287497344
567 -28.40491592290355 0.34011225230205333 169.07192287497344
568 -28.40491592290355 0.34011225230205333 169.07192287497344
569 -28.40462483100377 0.22284494189742318 169.070105296496
570 -28.323002359074717 0.22302109177042928 169.2371188834779
571 -28.28800561661027 0.22333007797167032 169.0279923496728
572 -28.28800561661027 0.22333007797167032 169.0279923496728
573 -28.288241797004293 0.16885505871628526 169.0279820539529
574 -28.28800561661027 0.22333007797167032 169.0279923496728
575 -28.288241797004293 0.16885505871628526 169.0279820539529
576 -28.288241797004293 0.16885505871628526 169.0279820539529
577 -28.28800561661027 0.22333007797167032 169.0279923496728
578 -28.206289364966803 0.22350665373793155 169.19492905145628
579 -28.17142711385951 0.22381512605697823 168.98579633564302
580 -28.17142711385951 0.22381512605697823 168.98579633564302
581 -28.17142711385951 0.22381512605697823 168.98579633564302
582 -28.089617211708156 0.223992127339349 169.15265600606548
583 -28.0901441384545 0.28683084739017933 169.15449737929788
584 -28.089905199516373 0.34134614189327844 169.15447809785863
585 -28.089905199516373 0.34134614189327844 169.15447809785863
586 -27.973272857094333 0.3418178196842203 169.11212227883868
587 -27.973272857094333 0.3418178196842203 169.11212227883868
588 -27.973272857094333 0.3418178196842203 169.11212227883868
589 -27.973272857094333 0.3418178196842203 169.11212227883868
590 -27.973272857094333 0.3418178196842203 169.11212227883868
591 -27.891206839080443 0.34210965497801005 169.27923815623856
592 -27.891206839080443 0.34210965497801005 169.27923815623856
593 -27.808978461535723 0.3424020676233005 169.44668465593904
594 -27.808978461535723 0.3424020676233005 169.44668465593904
595 -27.80874996476553 0.3970110120004691 169.4466426983018
596 -27.8432724216527 0.39689895815201665 169.6570096496027
597 -27.843555197302543 0.514598500125341 169.65882393088722
598 -27.8784287385467 0.6324454290756611 169.87142408098862
599 -27.878713768768673 0.7502785467289402 169.87325620821457
600 -27.79646768666626 0.8689221080196665 170.04370975504548
601 -27.83134243459386 0.9874087165100419 170.25716831050113
602 -27.83191819232117 1.2235811000124799 170.2608976788867
603 -27.832497482480857 1.4597638251600646 170.2646561088044
604 -28.06808515248393 1.8134654385505613 170.35539839518734
605 -28.233651796653376 2.163712102530642 170.0230357562044
606 -28.562889481488035 2.68816463592178 169.3609818783502
607 -28.728556482827862 3.3948313988280368 169.0421091252866
608 -28.859023632742897 4.157734444510364 168.5207916070452
609 -28.944029574187006 4.925754899786762 168.37585687121864
610 -28.993610491942317 5.687067502063333 168.02618105125677
611 -29.043319228796136 6.445623072361802 167.67935997652515
612 -29.01235587159415 7.262210252549224 167.4976125767891
613 -29.02741750589156 8.124078022015354 166.95416428324106
614 -28.916806417518963 9.114455977892376 166.94010270300467
615 -28.88516464583344 10.032979085271494 166.75944811311874
616 -28.855313034289665 10.84289289300627 166.58394681058908
617 -28.938552640861964 11.643109175140918 166.44341844924637
618 -29.02169985868493 12.442023977477904 166.30346357326576
619 -29.14071365200928 13.36884594736138 166.3697919637468
620 -29.142321181002913 14.28594916256155 166.38643044667975
621 -28.91428124832537 15.031993323792648 166.32034793792974
622 -28.682522939317604 15.705640957024523 166.23774620633216
623 -28.45234170116553 16.15676637554892 166.15758941937042
624 -28.2214149577639 16.6606360593865 166.0732901080254
625 -28.10625846179769 17.11251752901851 166.0335597299002
626 -27.991141706362946 17.564232679456065 165.99344598248265
627 -27.875194255755833 18.068741313221324 165.9490740468504
628 -27.926782338959608 18.42785331405659 166.90600201667363
629 -27.678162861492957 18.759458571015447 166.06387643472664
630 -27.34884481244246 19.0963431430639 165.37641488011627
631 -27.281330414030588 19.392105914119718 164.9705460957845
632 -27.328566923226543 19.918281819006456 164.61382041784512
633 -27.330601951889236 20.49301997790799 164.62800527202026
634 -27.39893813189762 20.996679721033836 165.04123976675393
635 -27.481977042384816 21.384874932456206 164.8984909690516
636 -27.48282274710434 21.615163944027785 164.9043799041887
637 -27.563595461856032 21.709786926072013 164.7486062923598
638 -27.597599261463397 21.84761559764953 164.95227384780077
639 -27.598939597069773 21.91035724633512 164.9599901887267
640 -27.598026822258635 21.962790453498126 164.95524033297775
641 -27.599371845588873 22.025543387285715 164.96298887873525
642 -27.599371845588873 22.025543387285715 164.96298887873525
643 -27.71334737337683 22.0276883266458 165.00487732628366
644 -27.598455262174614 22.077970236810845 164.95821402290386
645 -27.598455262174614 22.077970236810845 164.95821402290386
646 -27.67871930858355 22.057106625419745 164.7993934749263
647 -27.633014193822344 22.048549256265236 165.1640909921618
648 -27.633447682151 22.16386316855982 165.16709938543465
649 -27.713782158575217 22.14289256112575 165.00787992951342
650 -27.633882047868287 22.279182072467997 165.17011498050448
651 -27.599314778176357 22.30834464279544 164.9641830154402
652 -27.59974585366359 22.423539293941197 164.96717831726383
653 -27.567965183334028 22.577973431468966 164.7773526599964
654 -27.63562827856593 22.740507888595772 165.1822493708068
655 -27.602422152658576 22.831986485952303 164.98418141238497
656 -27.523381558601205 22.916518449147787 165.15139416281562
657 -27.455460655445687 22.92100531931018 164.74454807454373
658 -27.455898748656093 23.036101046926806 164.7476125273455
659 -27.457295475095442 23.098916420856277 164.75568460426447
660 -27.457739088192888 23.214029098495423 164.75878844917133
661 -27.343952272076944 23.211728927200557 164.71677828691784
662 -27.37772099842086 23.35121142514695 164.92066612857647
663 -27.34581191483324 23.389690727662156 164.72807573209445
664 -27.231089631858914 23.43960609538465 164.68093293025996
665 -27.118791410503235 23.50012906716907 164.6470002524668
666 -27.03850287139826 23.637552009783274 164.80874171749772
667 -27.00698761032661 23.675760018201544 164.61624627850102
668 -26.973129438279113 23.703181226404283 164.41069074030867
669 -26.893796666433165 23.788470234040545 164.5771603981272
670 -26.86006815970369 23.815743823034683 164.37157151012798
671 -26.86149405108298 23.878612050426238 164.37993573250898
672 -26.86051241799576 23.930711450365752 164.37476607033798
673 -26.86051241799576 23.930711450365752 164.37476607033798
674 -26.86051241799576 23.930711450365752 164.37476607033798
675 -26.86051241799576 23.930711450365752 164.37476607033798
676 -26.859539105165062 23.982808973627055 164.3695800711094
677 -26.860957528701988 24.045684422903747 164.37796792517562
678 -26.860957528701988 24.045684422903747 164.37796792517562
679 -26.860957528701988 24.045684422903747 164.37796792517562
680 -26.860957528701988 24.045684422903747 164.37796792517562
681 -26.86051241799576 23.930711450365752 164.37476607033798
682 -26.97500671072622 23.881023986631188 164.42223240934493
683 -27.00743685301197 23.790865041954067 164.61945755463606
684 -27.007975792774708 23.623567061331727 164.6213573047796
685 -26.926245479656227 23.41546659894436 164.77342470375874
686 -26.92677877502063 23.247996816653487 164.7752367036158
687 -26.9258760762957 23.017588782982994 164.76876723855014
688 -26.843997936323465 22.808754799737155 164.9211323757358
689 -26.841706385959046 22.51524670532067 164.90663797317754
690 -26.760643808054184 22.253378675422518 165.06420907892328
691 -26.678480350929114 22.043493647618554 165.21722189210632
692 -26.565003347650876 21.87335737889097 165.1761521066752
693 -26.563200399215575 21.694924613228967 165.16505835001206
694 -26.56368846311952 21.526977398569397 165.16658077872108
695 -26.449325692016643 21.409407677707343 165.12066671518258
696 -26.448458625061836 21.17855164017596 165.11433075799633
697 -26.334622367076985 20.893138083769216 165.06973796849317
698 -26.334228890353664 20.49442378189754 165.0647002293798
699 -26.25213562830806 20.114755452382944 165.21897187487053
700 -26.251731761099823 19.71567946011207 165.2137252375584
701 -26.17036863706454 19.28224355373945 165.37226533988826
702 -26.13969019241056 18.75784348032239 165.17211570949033
703 -26.057782789890116 18.207912911676722 165.32657935690875
704 -26.056907102912984 17.409087804126198 165.3144065506183
705 -26.056008341418913 16.6103195152279 165.30182934239969
706 -28.741641480332895 16.01538877887693 167.87200513982148
707 -28.85310206913196 15.074025032757561 167.88555982456703
708 -28.930792908466334 14.127148623327638 167.7031988887109
709 -29.169928165189013 13.165996679971036 167.20269637354946
710 -29.258750710377377 12.15236091676706 166.47077882795503
711 -29.197345492065573 11.365065553324143 165.50550263495842
712 -28.908941342166614 11.148283429705907 164.4712099522421
713 -28.80285160942443 10.938918527162853 163.86834677518146
714 -28.732624575723026 10.689144882674794 163.46829946251574
715 -28.810316936609276 10.451636426531712 163.30765246299399
716 -28.931404428920214 10.02916089090386 162.7957911885471
717 -28.971483384772107 9.548327928797448 162.4304035383948
718 -29.106379629240468 8.098350686407779 161.96342576941453
719 -28.67884671430612 8.110480874577556 162.52630749730852
720 -29.066269190913548 8.177068198488591 161.7549878871725
721 -28.874075774226622 8.227532340104341 161.8598449865504
828 -28.472225578106514 8.900791764004955 165.02265503899798
829 -28.391515294698703 8.564328365055458 165.17480105627493
830 -28.195131667061688 8.049896727196076 165.27921853538595
831 -28.193709006019258 7.589822247353817 165.2701099416507
832 -28.11302006886135 7.3667562262327975 165.42528641157838
833 -27.999207321775625 7.3131986733335115 165.38490747467685
834 -28.03373952817929 7.4356839590877835 165.58910784171857
835 -28.101781232684743 7.50387953691938 165.99251393472883
836 -28.21719684509838 7.735229159087809 166.03896563490665
837 -28.61910151174123 8.5034415765167 165.2537928094425
838 -28.359768663948078 9.64237257850977 164.99336414168803
839 -27.848421361328803 10.442028217767312 165.76949118180764
840 -27.54060141975364 11.028047574595353 165.8582874696181
841 -27.39330743823203 11.24676695423133 165.6182278621755
842 -27.24663136500477 11.296628134078796 165.37835575672378
843 -27.099308980753015 11.28426130293318 165.13381147100102
844 -26.91945392062513 11.260425324608997 164.68825701194316
845 -26.498674445510638 11.44545312552515 164.72612751260104
846 -25.881832714011214 11.80876745726708 164.87896740794412
847 -25.232928000845906 12.275663185172029 164.83052769889363
848 -24.780112196307023 12.616750688321174 164.6627049842968
849 -24.411141863041003 12.945223753533782 164.3356427496104
850 -24.072328404865523 13.056558889663338 164.20493633720815
851 -23.84741689934652 13.116417704825405 164.1212487835392
852 -23.591650084439898 13.038127523776959 163.82375553851196
853 -23.36701176559581 12.983156207958906 163.7366486690849
854 -23.113088600561206 12.852681520056885 163.44181133175084
855 -22.719822311838026 12.708145034748659 162.90070030425068
856 -22.160387718521577 12.58765532429833 162.66972186346572
857 -21.57553203631096 12.454312397179178 162.2363109304954
858 -20.533655527907342 13.31245292995642 162.32605107132167
859 -19.843847185207284 13.464803181811478 161.84950839922274
860 -19.268195730542573 13.566358005575413 161.4218971212168
861 -18.630907733890393 13.632525208720734 161.3400547320509
862 -18.080580650540234 13.510271929433804 161.09523924525715
863 -17.663221238449452 13.124955444857006 161.09628095492803
864 -17.3760688281058 12.630068548328216 161.33601659989293
865 -17.08895022424038 12.144006236332423 161.58503585137186
866 -16.868833394376068 11.747213580652614 161.48110770689595
867 -16.648635590982895 11.402471231018163 161.37408767602187
868 -16.449439749496896 10.903803874753406 161.4695339427008
869 -16.229093557113607 10.331371634982705 161.3569364744013
870 -16.02935543232561 9.883626530174292 161.44961972942525
871 -15.830019283855503 9.611533998192277 161.54965685735027
872 -15.719586905896803 9.32007109297948 161.48953892672003
873 -15.62962050104359 9.048475826665522 161.63999446541428
874 -15.519458455131755 8.705026162558747 161.58207292309098
875 -15.428416471932163 8.30819378745838 161.72370491617926
876 -15.337637481297758 7.972968083195392 161.87020028270516
877 -15.246924723482614 7.585054524855663 162.01892670782436
878 -15.174804699327089 7.308305785056778 162.369720086717
879 -15.174319083694849 6.964441036271082 162.36286874065217
880 -15.173997316157001 6.735215600262011 162.35834664184443
881 -15.17388475817067 6.453771785892864 162.35549116482798
882 -15.082696329395361 6.230362390613013 162.50573052782983
883 -15.10152093724232 6.007091986507431 162.70750292494674
884 -15.101008106329585 5.829808144790116 162.70157894424577
885 -15.101046495054577 5.66263124069693 162.70084936246133
886 -15.100540912698325 5.485373058049903 162.69505974025964
887 -15.100385963514348 5.370567995513803 162.6929048983902
888 -15.100231405517517 5.255766217903731 162.69075916988723
889 -15.080937267835278 5.135789274199129 162.4824041099359
890 -15.080783758065978 5.021121507591454 162.48027982622634
891 -15.080630639609382 4.906456965414728 162.4781646562958
892 -15.080659152064934 4.7394870054373 162.47729639949227
893 -15.099644275985318 4.629429448855765 162.68138080204875
894 -15.099490430540428 4.514645546886885 162.67926319987777
895 -15.118359747644464 4.289315191566024 162.88165782055992
896 -15.11820681000348 4.174413077974487 162.87956428210268
897 -15.137444656811269 4.010977171817109 163.0855567985127
898 -15.156212931551224 3.8371814439730256 163.2877350737106
899 -15.175521657275427 3.67299156803585 163.49447690839145
900 -15.214057623661468 3.5645696333479213 163.90923086745823
901 -15.233152254776263 3.336695711022837 164.1141047469293
902 -15.27191650402101 3.227159182815477 164.53132879312304
903 -15.291450547749251 3.061123920711343 164.74039323432265
904 -15.422734356595909 2.894666152104412 165.00116016578392
905 -15.461747285638564 2.7204377931446344 165.41881200429296
906 -15.613740121879966 2.555216001580912 165.8931322582495
907 -15.766347655956668 2.2721404225490027 166.366941615668
908 -15.899468141316992 2.1031344230435502 166.63035939811448
909 -16.053389926282048 1.9890836265007812 167.10802098031928
910 -16.187451071331274 1.8190197340704555 167.37254472385723
911 -18.40458571126834 1.772160013534751 163.93300404871258
912 -18.65143953671115 1.6577217617564544 164.23528239858533
913 -18.87531789780917 1.541823852801912 164.33070694117106
914 -19.12345230638001 1.4268560952013476 164.63284582170618
915 -19.372179945820122 1.3647091165963596 164.9347365200987
916 -19.53412483759101 1.3129893168732303 165.39951519826403
917 -19.759823232949675 1.196340165807038 165.49394898138027
918 -20.010707935450533 1.1336699173972027 165.79643924523126
919 -20.37653099958506 1.0797589690362217 166.14945050933346
920 -20.655698860313763 1.0802617872102698 166.66426795043154
921 -20.90975787213165 0.9633532782866022 166.9677164671948
922 -21.164841365969643 0.963063784428983 167.27324669517
923 -21.4477805742199 0.9632637668215305 167.7905175274544
924 -21.79278941609472 1.0252556692301296 167.93385236190852
925 -22.193712531648096 1.0251765345115256 168.4987514642814
926 -22.68411556182962 1.0241372343528765 168.89767966701856
927 -23.14726224596128 1.0225359240054743 169.08239040413574
928 -23.580982657930708 0.9570598493150565 169.05062127939803
929 -24.01490982984106 0.9549601449662987 169.02017925836083
930 -24.47898848217425 1.0078631476639544 169.20070908743972
931 -24.975342904622906 1.0068344534747944 169.59266761164648
932 -25.47386124118626 1.123969658847399 169.98564426838865
933 -25.97453757263285 1.186570836771459 170.37794841314619
934 -26.443421440248592 1.1850271212249555 170.5533462698933
935 -26.82909245718331 1.1845934323359424 170.89773904822937
936 -27.182013216309155 1.1834226133694263 171.02762907856692
937 -27.486769663717254 1.247751671372211 171.54468520413621
938 -27.924446468864183 1.245384338263145 171.5014304661536
939 -28.24304868102079 1.1798799725326106 171.41271438223814
940 -28.479288458290643 1.1790866021436295 171.49735215811597
941 -28.597760560322712 1.123409361847044 171.53973583952637
942 -28.715379126083178 1.0594699317593168 171.5796787445077
943 -28.915915088371367 1.0580582699028724 171.45002156724456
944 -29.07027901982668 1.0582326673131708 171.70548335719698
945 -29.270642452806282 1.0568200903371834 171.57533769419496
946 -29.50761837656679 1.0006732331675119 171.65860355569717
947 -29.825269856642265 0.9354769144227613 171.56740647328854
948 -30.062063861565743 0.9346200117194523 171.6496863542364
949 -30.26149039011172 0.9333139637840079 171.5189470142201
950 -30.41754072213598 0.9333314559673486 171.772463346042
951 -30.536108535113538 0.9329010862749378 171.81321739268523
952 -30.773356397182546 0.9320390742572667 171.89446776900317
953 -31.091370298630064 1.048997044205464 171.8050397068426
954 -31.486324619873965 1.048305402419661 172.13809644088334
955 -31.923063985407186 1.1648298703022375 172.08692140465197
956 -32.279894766276755 1.1635932455737459 172.20560033481885
957 -32.59723773683576 1.2803879382809213 172.11341406432348
958 -32.95429139751772 1.2791780149754943 172.23057871915285
959 -33.19249685860935 1.2783684805830835 172.30825633556196
960 -33.508903799071156 1.2763376396758743 172.2126121409455
961 -33.82524877402596 1.3929033044735935 172.11862238347425
962 -34.182598946754325 1.391710982011325 172.23302595761922
963 -34.49841478056846 1.5081177663665901 172.13802175469206
964 -34.856673463594866 1.5700093265176276 172.2530436426396
965 -35.33384552389873 1.742600384414256 172.4041170159487
966 -35.81263265662809 1.9228105593433416 172.55619106486176
967 -36.24666542860016 2.0939988487743992 172.49452084841525
968 -36.60677021637608 2.393149251880845 172.60979412335237
969 -37.04106835491644 2.6268649969968823 172.54856726629967
970 -37.474448431151146 2.7417855472676997 172.4845028453816
971 -37.90688209021432 2.912072605764789 172.41919314179532
972 -38.293473687184964 3.142095759915667 172.14785855829695
973 -38.65245948015066 3.3775776158705124 172.2562318125973
974 -39.08421087986388 3.6096388389387646 172.19116493788005
975 -39.46904508094983 3.900345860573683 171.92171361526718
976 -39.78014385257584 4.1316166430742145 171.82178102367058
977 -40.13774322070517 4.304078993746994 171.9241775334801
978 -40.32956222019146 4.479748983762694 171.79061332356838
979 -40.49698232988859 4.656913842257684 172.0304886323519
980 -40.6172428665131 4.892414423879097 172.0677913103879
981 -40.66772213888493 5.195481153798282 172.28037350116995
982 -40.788640689826515 5.549305362606088 172.31975818698282
983 -40.839298686536566 6.027126649202697 172.53414275064543
984 -40.94013184574004 6.575020264457529 172.95906359910057
985 -41.06322308390605 7.111352238295504 173.004217904898
986 -41.23448452125363 7.592455037549992 173.25312829215648
987 -41.42722851636364 8.058807408948764 173.12048496754446
988 -41.50106031117106 8.587111509945158 172.95935482404255
989 -41.622306489271956 9.116300250482166 172.99952280362476
990 -41.62443451708281 9.589929517865135 173.00881882528344
991 -41.69540805347314 9.99095015771474 172.84014242470235
992 -41.62543166674225 10.293250207828754 173.01672884608217
993 -41.577718535613464 10.464094426418121 172.81704427394445
994 -41.57686921272302 10.519626254736531 172.81506821902286
995 -41.57739908194783 10.637936215656012 172.81738989380864
996 -41.57793003236629 10.756249557766573 172.81971700086257
997 -41.69829016803985 10.874698081149383 172.85447173674544
998 -41.76942611705157 11.100419908258042 172.68560915625523
999 -41.76996309421852 11.218636742148382 172.68795141593546
1000 -41.83954431284139 11.38112013344956 172.51493287469395
1001 -41.88989861571654 11.510713476724986 172.72272523719457
1002 -40.884759374317696 11.73379025030997 172.26114454652867
1003 -41.841148901041365 11.735442103567001 172.52191811004792
1004 -41.77175768986773 11.865226507626646 172.69747105593302
1005 -41.65310195701269 12.10148921213714 172.6698282926322
1006 -41.58346431853063 12.231766661020806 172.84570775602313
1007 -41.46326966337122 12.405364187418526 172.81317991471096
1008 -41.344539141759995 12.641802393543431 172.7853203864328
1009 -41.226365051175826 12.996568747740163 172.75978408672117
1010 -40.98847541024649 13.350995139152765 172.70140128989127
1011 -40.80037939073671 13.663778383792154 172.85200563109572
1012 -40.609476387678846 13.969559116918575 172.9949747628073
1013 -40.37133218231475 14.32451138556648 172.93587914864122
1014 -40.13327464488777 14.67938052549368 172.876512955274
1015 -39.82331679273614 15.04901129717298 172.99076554780055
1016 -39.51287854771864 15.419280415123577 173.10488384792538
1017 -39.154241176252114 15.655219245774045 173.00778348459113
1018 -38.76943847350901 15.923070109532707 173.2930905809748
1019 -38.41052125351622 16.1592037795149 173.1944272630106
1020 -38.098916164904644 16.35663376062365 173.30796255003222
1021 -37.85946969013197 16.474374390420987 173.2404946636086
1022 -37.62066171790052 16.711144387994455 173.17537267204915
1023 -37.427313332731224 16.96537189197597 173.3200528135251
1024 -37.308404704274515 17.20302293364355 173.28996384910292
1025 -37.06958782571754 17.43983401590801 173.2241494946677
1026 -36.83087433250355 17.676557844093015 173.1580321743235
1027 -36.636791279254425 17.931820304077895 173.30228787903064
1028 -36.39802508671878 18.168630772935476 173.235613709272
1029 -36.15936580683567 18.405350740630414 173.16863783623018
1030 -35.84582338206242 18.605109201934223 173.27993342788247
1031 -35.606639082020656 18.722515272252487 173.2094189215452
1032 -35.36647916042314 18.89512941213971 173.134589216285
1033 -35.0094448653992 19.0754032651298 173.03313806187936
1034 -34.65105187893293 19.191439034612735 172.92406041293358
1035 -34.216962944571335 19.390674832607523 172.99545841100834
1036 -33.78074825916476 19.525866907947353 173.0590409319758
1037 -33.23736552708368 18.393952131172437 173.15944405675708
1038 -32.68150829268493 18.590831540483787 173.18782574691565
1039 -32.12479622111359 18.668170906029673 173.21232987759984
1040 -31.528550862308798 18.725512552341204 173.02075584722022
1041 -30.851055065550636 18.736781317934632 172.99463392706173
1042 -29.972999938873514 18.709572929260144 173.103801947858
1043 -29.020947307782343 18.761634783432577 172.77954967963103
1044 -27.98774868683386 18.831755858516107 172.62358325655163
1045 -26.92113604411075 18.761233573043594 172.2419460510835
1046 -25.857916226380226 18.690227354857416 171.8533964304948
1047 -24.766583132223754 18.479220063439804 171.23882937718128
1048 -23.680866601972482 18.322859595867122 170.61351119882417
1049 -22.689503445003773 17.975719132774902 169.81439120115795
1050 -21.7334460331573 17.649291749925265 169.22574140640825
1051 -20.808973987692458 17.22427970987582 168.84334700250656
1052 -20.04309273894348 16.995289629303528 167.92777654092174
1053 -19.511781270037517 16.825422655744237 167.10596709216253
1054 -19.12129205125727 16.66605730496946 166.53502239914798
1055 -18.756875352529267 16.52515544475098 166.17539393368153
1056 -18.394090352163015 16.501231280208547 165.81861412649835
1057 -17.988282391785834 16.45264521620992 165.0541642514752
1058 -17.60754557372318 16.474513669263683 164.49676102569805
1059 -17.34036764979344 16.382667425116452 163.98678041029973
1060 -17.053605856388543 16.221726076745405 163.27594576435573
1061 -16.878888911038313 16.001110218444033 162.61105084174082
1062 -16.61545851044693 15.73391896997629 162.09665644952892
1063 -16.35396005647038 15.416376723476183 161.58735466703197
1064 -16.093469167517767 15.15186929804309 161.07578184997666
1065 -15.96354688413535 14.9063002215438 160.81731805389998
1066 -15.853876863121364 14.676816811247683 160.76082140154585
1067 -15.724112539136062 14.48352042226726 160.49928964297047
1068 -15.63371548641923 14.207184260225366 160.63778626749294
1069 -15.54357481531116 13.878970073916017 160.7800540205434
1070 -15.452695192387568 13.487835264335853 160.91637147835414
1071 -15.451352124184298 13.249328775926529 160.90100940888092
1072 -15.38049948876379 13.04751014761631 161.2501349645919
1073 -15.418589916608253 12.898336122360153 161.64828836189503
1074 -15.56676252746033 12.750215126570032 162.0987615386906
1075 -15.716214902299535 12.664158615549711 162.55679909098995
1076 -15.976498811083914 12.516404626295335 163.061069663212
1077 -16.32861017156112 12.35630640908797 163.41017881117725
1078 -16.7942611789871 12.207647434188726 163.81786999501585
1079 -17.261368467341345 11.995218872337288 164.21915279763473
1080 -17.75254652436885 11.847293980432305 164.825342352423
1081 -18.44938391926396 11.635673363410627 165.3238828086374
1082 -19.15007889170754 11.539373355412515 165.8229029284476
1083 -19.87920777759966 11.337748798139486 166.52718793809777
1084 -20.561021202844863 11.047644837733184 166.80363517087756
1085 -21.15743712037036 10.71359959203355 167.24353530240887
1086 -21.728423542844844 10.3038769161332 167.46602506443983
1087 -23.076922905499014 9.595221932996756 166.22864803326857
1088 -23.561615091598334 9.312670396563142 166.60861096738566
1089 -23.904431089470698 9.08203206269838 166.73945957418547
1090 -24.102991428536935 8.841405401694537 166.61726609848196
1091 -24.217207751586752 8.72572833874445 166.65979714162313
1092 -24.216163329945964 8.546620792452801 166.65314270133905
1093 -24.270787797775913 8.476264980790182 166.28618724920824
1094 -24.239948043681128 8.405011478115824 166.0757035500718
1095 -24.066463342132465 8.333958556034341 165.62142109902783
1096 -23.893053474241594 8.20091995611376 165.16442972049407
1097 -23.80428105527264 8.060876976344948 164.5504263007193
1098 -23.71601596408045 7.921725241535451 163.93993480886076
1099 -23.68622137999211 7.684621563250601 163.73341631968788
1100 -23.71130018492315 7.4953292468723145 163.17414758059792
1101 -23.652120410345734 7.304795126922445 162.76752586157883
1102 -23.706343517552497 7.23847957887034 162.4149772270723
1103 -23.735429205158955 7.245699787731672 162.61427359826595
1104 -24.046758498999964 7.092485101525432 163.29776861930117
1105 -24.950849927657185 7.173213477414397 168.69296254424907
1106 -25.066063039624503 7.110360708142098 168.7335466370824
1107 -25.181635042419906 7.1650472495961175 168.77638566618378
1108 -25.26653668300683 7.103902427173807 168.61171193859286
1109 -25.35084958116714 7.097067058269522 168.445760995691
1110 -25.131100654899452 7.046911091703657 166.98543527693425
1111 -24.935827231422767 6.976824366082598 164.97716083088162
1112 -24.91458847888146 7.112963593496533 165.54685424304085
1113 -24.85304973165621 7.267109302740581 165.13937052090324
1114 -24.88476886999233 7.452086300128055 165.34941253458996
1115 -24.854703501566807 7.6751947880428135 165.15010532820193
1177 -27.30276841169346 6.964869315122009 166.37008090799227
1178 -27.22140589321128 6.971520833757944 166.53188907589055
1179 -27.17330639156966 6.985461271752876 166.89926203935465
1180 -27.057871462181545 6.97623805185485 166.85191291788254
1181 -26.89410842936333 6.935793412727513 167.1794139544545
1182 -26.729631108486267 6.9491212464825365 167.50650886003422
1183 -26.531641247142588 6.955192800629098 167.62725529226432
1184 -26.44898599122455 6.907864905229526 167.79320742297287
1185 -26.366090307661423 6.914519580320712 167.95780350781033
1186 -26.19981008106199 6.927868175008791 168.2879663475127
1187 -26.041534142149658 9.364825805676706 167.97245683263654
1188 -25.84188134064158 9.427207137155424 168.09163524181915
1189 -25.64299405054493 9.381573356361159 168.2150476133361
1190 -25.52641667084807 9.31779767813856 168.16645641371954
1191 -25.442931936547037 9.272677072467312 168.3339319700778
1192 -25.389549557815577 9.227898387724261 168.70539372703686
1193 -25.53741814824311 9.238079993216521 168.96026592213136
1194 -25.80257915561921 9.194500444966495 169.2615078449391
1195 -26.216500558007056 9.151782767828498 169.811874047886
1196 -26.483800405434092 9.10775700520841 170.11345753573264
1197 -26.750465739270776 9.054636342803297 170.4085544571311
1198 -26.93411257223465 9.010185407814742 170.87406210113252
1199 -27.051359049807076 8.892016895871281 170.91483024088643
1200 -27.201778289259355 8.719088383428687 171.1650854382389
1201 -27.43796014454624 8.6650362053608 171.2530485979859
1202 -27.589462589723563 8.610612017019852 171.50593457834384
1203 -27.860115866897395 8.501311335412385 171.80378097356856
1204 -28.09654933288416 8.208555675502673 171.88597914938825
1205 -28.2486465672989 7.914803938961595 172.1346196815196
1206 -28.485930660691245 7.740801547514114 172.21861815498636
1207 -28.723228555564997 7.741469319560621 172.30292882851077
1208 -29.116174824313177 7.869935914413515 172.64660092901374
1209 -29.59302860203547 8.110430692018511 172.81788265665264
1210 -30.227079913728723 8.24022468412472 173.2422597651683
1211 -31.026822081311405 8.417775841584493 173.317999369987
1212 -31.746715702969727 8.723323846613043 173.56794590448013
1213 -32.387079937299966 8.973876213304841 173.9867355680462
1214 -32.94743269082974 9.262058892789996 173.97016385645477
1215 -33.508005951246076 9.493948724422419 173.95382991099217
1216 -34.14585207309069 9.59611263049459 173.75736518122386
1217 -34.660801801097705 9.633810003941422 173.51775699423212
1218 -35.09839848780332 9.74460619934704 173.4573532527826
1219 -35.61078609727935 9.781910493169237 173.2168288778852
1220 -36.04691553460582 9.89224520360913 173.15484219110536
1221 -36.40633012202158 10.067939231886927 173.26456137143853
1222 -36.722003244446086 10.17763732638947 173.16465994670804
1223 -37.037229395754764 10.28713176621831 173.0644856289671
1224 -37.305574402079536 10.322656957541538 172.7501144035877
1225 -37.620313859472155 10.376229419997447 172.65193643398524
1226 -37.858849699602494 10.43228406992378 172.72046809186284
1227 -38.126278231041844 10.530472373510003 172.41126085736263
1228 -38.3652925972746 10.531028728778624 172.4811064718784
1229 -38.63091170151169 10.510613148044186 172.17024404313943
1230 -38.942275152166815 10.500815175947075 172.06688301423668
1231 -39.133947173591416 10.490767307322793 171.9290757080257
1232 -39.32453900119236 10.535931901342881 171.78932140264868
1233 -39.56286532754312 10.536420466189625 171.8573350489849
1234 -39.75372272367545 10.526338245086796 171.71950778455155
1235 -39.8728423460611 10.526568069022915 171.7532382011433
1236 -39.94425389610392 10.516267745078771 171.58181486112744
1237 -40.06329359192142 10.51649065238616 171.61539842657604
1238 -40.18187245709592 10.398990548614725 171.6467114990836
1239 -40.18138934948873 10.28127572454309 171.64453243853362
1240 -40.18090732502721 10.163564090030093 171.64235897706786
1241 -40.180426383883116 10.045855634189895 171.64019111478115
1242 -40.29902733535629 9.928324884469225 171.6714491036029
1243 -40.36950293515067 9.801023650231604 171.49805687191335
1244 -40.3690236224652 9.683432628141068 171.49591171102134
1245 -40.43888069609115 9.439033913124458 171.32075498868176
1246 -40.556818914885696 9.204225248752941 171.3497357272772
1247 -40.50649860766069 8.898138755686462 171.13795735901812
1248 -40.50510418559147 8.546146891623206 171.13177270997866
1249 -40.57470502665001 8.303405811271224 170.95752031976895
1250 -40.52562153750328 8.061096447817214 170.75049866939565
1251 -40.64370889650597 7.944068302596017 170.7816242526547
1252 -40.6432507528977 7.826987835963909 170.77960963444625
1253 -40.83195843188288 7.819417946120045 170.64314768850716
1254 -40.949823889757525 7.874362046615382 170.67457411674988
1255 -41.139212618728095 7.928757619827417 170.54159592627536
1256 -41.20887101182999 7.921064999819589 170.37262025007186
1257 -41.32610878122374 7.8591518606615836 170.40177305374303
1258 -41.37500276026756 7.86681568046878 170.60340567353063
1259 -41.44554591124291 7.921119005691063 170.4377957867571
1260 -41.63312865536236 7.913459287478703 170.30144035960757
1261 -41.87019568682431 8.030173764430561 170.3679846846374
1262 -41.98899835361876 8.146884946921752 170.40212911245735
1263 -42.17554484060664 8.022417613293568 170.26347797412348
1264 -42.1744333087684 7.960610758691736 170.26000534739708
1265 -42.29286998292366 7.78924326256002 170.29143335391427
1266 -42.2919299932565 7.556072864627453 170.28748949255043
1267 -42.24125839695381 7.315859568895059 170.08327928841078
1268 -42.23986510757351 6.966502943019746 170.07744319880132
1269 -42.07082733266579 6.6109219172622895 169.83975502022724
1270 -41.882775430698395 6.268137401674279 169.9697616082428
1271 -41.71375939668614 5.797143208230857 169.72994627307315
1272 -41.47616655049914 5.332348016506605 169.6576837749875
1273 -41.169392383304825 4.872392949378144 169.75258329939982
1274 -40.93183916213 4.407445232343195 169.67965859932696
1275 -40.673511377080615 4.011802881749853 169.9773940515502
1276 -40.483637815423485 3.54939466099771 170.10508415631654
1277 -40.22339543752588 3.2059851610965913 170.40351559163759
1278 -40.033499174297546 2.8036010911017044 170.5340287728017
1279 -39.72442762417276 2.4558253085311796 170.63045231169144
1280 -39.53384792497561 2.2242600271395436 170.76245512313525
1281 -39.29603488055652 1.9907245962341167 170.6907610836866
1282 -39.105000201984595 1.758575894353213 170.8226165350213
1283 -38.79577787157941 1.5886124492866327 170.92209294115668
1284 -38.55750016487376 1.4098821581522683 170.84917215666314
1285 -38.32038833436176 1.2383686539263992 170.77795145736778
1286 -38.12804569524336 1.0603104636662712 170.90925624232284
1287 -37.89057932781111 0.9438001728903386 170.83731867434287
1288 -37.65352179315883 0.7722943778497251 170.7650404755618
1289 -37.416274336532005 0.6558810846860631 170.69240678608878
1290 -37.10542225821299 0.5399936130686677 170.78908299918504
1291 -36.838530343477224 0.42382425308352495 171.09168538500455
1292 -36.48241978761551 0.30765404753866366 170.98163629943545
1293 -36.17027182224729 0.19120266800347827 171.07751011525315
1294 -35.85769434179867 0.07456404118140761 171.17311319048054
1295 -35.50136089993651 0.013459123882918719 171.06102514576872
1296 -35.06969591444888 -0.10288898621097206 171.1184287628756
1297 -34.75646533832057 -0.10201341865166179 171.2142953311875
1298 -34.40112643846478 -0.15563235981522244 171.10120321428747
1299 -33.92688372090129 -0.21628515174478205 170.94784378665148
1300 -33.5716471312055 -0.3325213899522854 170.83137564884055
1301 -33.257643544097306 -0.3318231616377426 170.92455350396574
1302 -32.90294361417807 -0.33022599341935904 170.8083368993687
1303 -32.54854929297726 -0.3286270384617639 170.69135408896685
1304 -32.1158552896034 -0.32738614155539614 170.74339155282124
1305 -31.761792529744557 -0.3257819092705164 170.6246629181257
1306 -31.487246858418047 -0.3238196513453513 170.33582025541037
1307 -31.17240301608088 -0.32310435727626463 170.42508469367556
1308 -30.81920598616096 -0.32149555979713146 170.30432148936052
1309 -30.466342176284748 -0.3198850871548446 170.18279763445352
1310 -30.151264171855118 -0.2013400332526602 170.27206844206705
1311 -29.681221193125502 -0.19923750950546534 170.10788292905463
1312 -29.094830290409025 -0.07889904370089275 169.9025274069665
1313 -28.427594914362064 0.04131212845813503 169.8633131367316
1314 -27.691412704336127 0.16236224560712506 169.4004457988863
1315 -26.958404200675226 0.2829829775987169 168.9349222204739
1316 -26.14515094853152 0.4035192007637357 168.63271294480458
1317 -25.33403094497227 0.5238441391652052 168.3264779129226
1318 -24.494254278311214 0.5268814017068695 167.80477433098025
1319 -23.888713705565745 0.6457307019652059 167.3720174799878
1320 -23.37069630200371 0.7008227904039591 166.77287297111872
1321 -22.88501506181887 0.7647706663464294 166.3838668620728
1322 -22.54302654690462 0.8821134491537664 166.24761971857168
1323 -22.25964720656462 0.9978924962399044 165.7422248432254
1324 -21.919192953875836 1.1147948151383578 165.6048266298902
1325 -21.55221645075695 1.230788954906158 165.25996000921634
1326 -21.186545045414114 1.346423559039594 164.91482439490608
1327 -20.822387140399638 1.408667745740492 164.5698069010839
1328 -20.571285886075305 1.4612111002590669 164.26930795901896
1329 -20.321182919211875 1.4607212189216208 163.96930589572187
1330 -20.07227814987921 1.5222994895925785 163.6717024173614
1331 -19.823958594277986 1.6363920583905733 163.37383735502513
1332 -19.46500614684427 1.750400742217284 163.02811999084054
1333 -19.10736952707201 1.864045872171567 162.6821735191778
1334 -18.72783797915573 2.0897172690268064 162.1352713893652
1335 -18.350753554346035 2.2621206940952354 161.59000267591364
1336 -17.998135907130557 2.4877161565490815 161.24627075095844
1337 -17.624828563467137 2.710192019553528 160.70172706878586
1338 -17.384540374566466 2.9340816398860805 160.40727525974245
1339 -17.253930055486673 3.0444064862389197 160.16024311864598
1340 -17.145030719683483 3.1573365720581292 160.11299569543908
1341 -17.014960441127645 3.2672232149346714 159.86625228424433
1342 -16.88542480329972 3.4894818462548702 159.62189126518444
1343 -16.776946727151838 3.602039748266777 159.57448848232332
1344 -16.66874165575122 3.6631851731777765 159.52796804881538
1345 -16.668522755660977 3.714560966837737 159.5270239973816
1346 -16.6481672841929 3.772260766309713 159.33141663858615
1347 -16.56015301369928 3.8270453730784113 159.4794979333429
1348 -16.56073093808871 4.000902037813104 159.4846874264418
1349 -16.452413757883807 4.113334829443913 159.4371467940179
1350 -16.43227697691977 4.334370320651736 159.2427865736224
1351 -16.236475131005623 4.675792296373021 159.3483633524116
1352 -16.128912140371686 4.961905982450573 159.30630346867
1353 -16.02116617651543 5.299232429195388 159.2630872777592
1354 -16.001982543249074 5.580154892253401 159.07266950253776
1355 -15.874609703027012 5.91115611599236 158.83140593529012
1356 -15.787359782282941 6.315084950780727 158.9905477768108
1357 -15.660626444560947 6.594073230813968 158.75105970931645
1358 -15.641202585381341 6.862856042742532 158.55643147998737
1359 -15.515460707119134 7.201736157103701 158.32216520842672
1360 -15.389986583607797 7.70267279256294 158.08945957246672
1361 -15.28358262491328 8.261579234778342 158.05226843637394
1362 -15.196476218978091 8.778567029581176 158.21449273057016
1363 -15.216213578995706 9.236341025935717 158.42289780002716
1364 -15.127630519667553 9.520294363798273 158.57359881035967
1365 -15.128204751697137 9.857286813386944 158.5818749160665
1366 -15.129312399194745 10.25578722279662 158.59551402989274
1367 -15.16742357317395 10.665793844849038 158.9984504211369
1368 -15.186999524448275 11.015076869771402 159.2060767524453
1369 -15.20717048772795 11.426950118460484 159.41985072363047
1370 -15.3342604266953 11.768707243664148 159.67042390913204
1371 -15.462626316760748 12.122061909721172 159.92983201080827
1372 -15.483011727026545 12.423444013534942 160.14232557131044
1373 -15.59178439481451 12.703062011614385 160.19562276148446
1374 -15.74044108071912 12.958656135179968 160.65444708379937
1375 -15.958772189298172 13.240810157779817 160.75766579823193
1376 -16.19764514739431 13.5374146816022 161.0624544260578
1377 -16.458375904030056 13.797781386068387 161.57334878301742
1378 -16.699577119800878 14.044535484975135 161.88209442658408
1379 -16.94093809439671 14.2293489956449 162.1846407225684
1380 -17.27241827290417 14.349304530710096 162.3360169325019
1381 -17.51599587968456 14.597553149940778 162.64465327207537
1382 -17.848742572492625 14.71780161790456 162.79494285441103
1383 -18.116367897326466 14.867757279068119 163.30525278577983
1384 -18.47394827488491 15.004265556192825 163.65985701918152
1385 -18.920267720180572 15.06391262216224 163.8502621336586
1386 -19.304593254333717 15.216986939764022 164.40997910929113
1387 -19.891964792923932 15.473832500338458 164.8622814204245
1388 -20.59485212049044 15.617075241842844 165.3574202266815
1389 -21.38804846972689 15.745539430798797 165.68938912896624
1390 -22.587753358628344 16.87293264780539 169.03463046143966
1391 -23.430782901034437 17.20400757134121 169.5832805235725
1392 -24.158761918540424 17.286515364993473 170.06522976846756
1393 -24.773028960266274 17.36744970183143 170.50000277676529
1394 -25.272471080512954 17.446896187096684 170.88881355906142
1395 -25.656132342174754 17.52491799551516 171.23264546248134
1396 -26.21187448619568 17.51389045448421 171.23684101089017
1397 -26.748761090363622 17.4926904944438 171.834298310163
1398 -27.30448957933044 17.416733342942237 171.82724982527932
1399 -27.776371107750425 17.357864851844493 171.99117960188704
1400 -28.131680011334055 17.36205746478502 172.11850102180316
1401 -28.403358554863114 17.438398477141188 172.41451536754772
1402 -28.722464094763872 17.35938101397279 172.31825229574847
1403 -29.077391169720844 17.298887135827055 172.43670318326764
1404 -29.433526998876882 17.183193396770942 172.5582517643904
1405 -29.78912788883191 17.12254591075924 172.675290380488
1406 -30.02860021014813 17.18956982629791 172.76410365677467
1407 -30.227941535378278 17.109402447850634 172.62432551824577
1408 -30.466102950789477 17.111871524263577 172.70574956239963
1409 -30.70395241953967 16.994661392064252 172.783914673377
1410 -30.94194398160648 16.877375324379432 172.86175175600647
1411 -31.297190530138074 16.75209279847219 172.96917971286473
1412 -31.5355265212729 16.634673349571926 173.04626508829367
1413 -31.774000129517297 16.517179974337346 173.12302063617432
1414 -32.05196866819865 16.421399962395736 172.80746833517347
1415 -32.29023692211889 16.304039806529232 172.88348530265625
1416 -32.607884143966295 16.17060827550438 172.7850009956126
1417 -32.92422023239651 16.092622581244495 172.68280056712993
1418 -33.28323580917313 16.040292198040802 172.8023003801503
1419 -33.71842092767129 15.963356927896957 172.73743529841914
1420 -34.19589156748171 15.84778639311026 172.88700043768296
1421 -34.70715670623022 15.636315799378705 172.64375443226103
1422 -35.18465921035178 15.520611986764239 172.79044801794663
1423 -35.69475864754056 15.254666144790757 172.54894696061208
1424 -36.247745978902934 15.12386373971424 172.51928304102339
1425 -36.63632727491757 14.976964119055232 172.2431542703058
1426 -37.06699651700848 14.782516586037389 172.17012266364952
1427 -37.45419214377813 14.581462887704852 171.89731628185885
1428 -37.76427750236246 14.387161401480874 171.78820843169228
1429 -37.95579239970409 14.137593977447503 171.6469260978202
1430 -38.02856507258749 14.005837912907108 171.47324989275322
1431 -38.027587398420835 13.770028538991694 171.4685207842613
1432 -38.02710014949319 13.652129208174197 171.46616503920774
1433 -37.907256639928384 13.41581410742743 171.42643508888483
1434 -37.713986038219936 13.192453353679383 171.55777255289544
1435 -37.476526084891034 13.018416565361543 171.48747257315452
1436 -37.20872333328485 12.807073470778787 171.790212938244
1437 -36.84947925108803 12.506174592505957 171.67331057678413
1438 -36.536738457611406 12.225807444526584 171.77085675028556
1439 -36.13421567387217 11.739521342514337 171.44495687775918
1440 -35.581523321026616 11.15839032164363 171.45807768588014
1441 -34.94409876139988 10.500014622694803 171.05559435215736
1442 -34.3429172886139 9.878785150512806 170.27267740679198
1443 -33.71088903213343 9.397486781276537 169.86764126710378
1444 -32.96480007633552 8.97983345967801 169.4262798838234
1445 -32.219332278571535 8.52984042539696 168.40011803508276
1446 -31.443284195954 8.394292025224088 167.75331076901853
1447 -30.59497811246485 8.731190764904971 167.27680234490091
1448 -29.829775661803883 9.173718131633484 166.63668489054862
1449 -29.220600285031264 9.686034843919252 166.24292695334802
1450 -28.841428615436328 9.905193817954007 165.92158459522045
1451 -28.542440904662868 9.88386886320648 165.43519457822185
1452 -28.358821262079015 9.58053113143428 164.9889766319409
1453 -28.17472630108738 9.102285486886604 164.53747572657784
1454 -27.989732958096113 8.503108585562856 164.07941425935698
1455 -27.889156781873794 7.9256121465378175 163.48386594618927
1456 -27.740390998159462 7.680963547069061 163.2341836155068
1457 -27.666490258180204 7.115536197598729 162.80702804344114
1458 -27.542235619758923 7.144634108540341 163.32016886243858
1459 -27.689050111376908 7.266116631762821 163.56235353408994
1460 -27.768831971998658 7.373199721860631 163.40819607572848
1461 -27.882196876891484 7.487523245773205 163.45210011424604
1462 -27.927948990813835 7.586773247388789 163.10077225984094
1522 -28.235695739652584 8.882642358201762 163.04935818843325
1523 -28.281080181444587 8.926580515241683 162.701834351986
1524 -28.169258660158963 8.987058586327393 162.66431809189157
1525 -28.134842662984504 9.030309738727432 162.4664509631058
1526 -28.05617703600238 9.038709684923829 162.62082393173304
1527 -28.090375101973017 9.161255770543114 162.819249902961
1528 -28.090706332646576 9.274751061731502 162.82135620716568
1529 -28.124970205943878 9.397680139820004 163.02016797967872
1530 -28.080287946755263 9.529768972213798 163.37514677123426
1531 -28.114616340497697 9.653347138389009 163.57508922740305
1532 -28.75268177595018 10.885621851840012 167.27164441011874
1533 -28.82365583569416 11.024367045954108 167.68491680721837
1534 -28.92970200382903 11.229153267233913 168.30407102832012
1535 -29.082803253661968 11.304329431979305 168.55763736757973
1536 -29.19035522779434 11.339184045651061 169.18115775258886
1537 -29.261972218179594 11.244831052807285 169.5960821535427
1538 -29.414466807781825 11.021403347174175 169.84134542787191
1539 -29.485487559179283 10.571797960127302 170.2505015073252
1540 -29.48353255940327 10.272285141937655 170.2402610705446
1541 -29.437948455689668 10.056274102176927 170.61523991405184
1542 -29.47251595408644 9.766254134199594 170.81664392182563
1543 -29.623766603449056 9.2940553138596 171.05283826161093
1544 -29.658918127048064 8.82902489806896 171.254959381453
1545 -29.81090795126919 8.354915323830229 171.49278547235025
1546 -29.964846970318423 7.888259151967075 171.7372423819668
1547 -30.08091458277293 7.34938217441911 171.76490028687488
1548 -30.078926271384407 6.929166062767456 171.754207336953
1549 -30.07783202162148 6.57259517888368 171.74743738451335
1550 -30.076746105550104 6.216053842965876 171.74073007778512
1551 -29.994404768555913 5.865280588314774 171.90627744402474
1552 -29.911913642252138 5.5138431383553455 172.07220600660196
1553 -29.829195372611164 5.336361757428083 172.2395751869465
1554 -29.62866863672748 5.166771982785499 172.3703459928052
1555 -29.545553032664895 4.988630877371289 172.53841332631933
1556 -29.215181203087415 4.7685984118911815 173.23146233601278
1557 -29.17798113614895 4.524470515683066 173.01054888605233
1558 -29.177316247124697 4.285051566576 173.00630081332696
1559 -29.140904019671485 4.105668101185085 172.78886298862847
1560 -29.103482412108686 3.918423773265882 172.56801824279876
1561 -29.020525175027093 3.8027169135761314 172.73982034840816
1562 -28.984311408886676 3.624102414708189 172.5227307793563
1563 -28.947129463429025 3.437623613751161 172.30247942324783
1564 -28.864150258802965 3.321591531478505 172.47379022202836
1565 -28.827793618346885 3.199235727538754 172.25638929618844
1566 -28.82747470997047 3.079978418790639 172.25434854314815
1567 -28.708506549392457 2.960910849316817 172.21023839348362
1568 -28.67269088477749 2.7836953858959297 171.9938610982749
1569 -28.553267627964793 2.6011249925338986 171.9470827611651
1570 -28.55358557881403 2.545726410632115 171.94761051464573
1571 -28.43484269927446 2.4268908607638764 171.9033233970808
1572 -28.39904914599458 2.3058506291586434 171.68678471691314
1573 -28.315222933305584 2.1253534066269 171.85450555050713
1574 -28.280181177892686 2.0682703368072852 171.6404141352405
1575 -28.27987238941489 1.9493534854080745 171.6384151131335
1576 -28.244292481059542 1.8289942770861807 171.42233052926008
1577 -28.24369871619491 1.7654500669816087 171.42000709747296
1578 -28.125923098081618 1.710541360125154 171.37790289085325
1579 -28.12533642802509 1.6470001224357365 171.37561093306948
1580 -28.125618745178514 1.591777012061874 171.37592841886206
1581 -28.090553378866733 1.5905946357375327 171.16225032181185
1582 -28.007018593925597 1.5285793425797018 171.33113559837287
1583 -27.972368539803767 1.4723169237049403 171.1177470443946
1584 -27.972368539803767 1.4723169237049403 171.1177470443946
1585 -27.937508656531985 1.4712662225707724 170.9044793770878
1586 -27.937508656531985 1.4712662225707724 170.9044793770878
1587 -27.936935285977246 1.4078538650427919 170.902260609943
1588 -27.902143493497828 1.4068664856815747 170.68940903619054
1589 -27.902416340567253 1.3518627235382787 170.6896739134302
1590 -27.819506196002465 1.3531473580759226 170.85989448458716
1591 -27.819234040824234 1.4082059568339689 170.85962736388032
1592 -27.7845791879574 1.4072178643785245 170.64676968351637
1593 -27.7845791879574 1.4072178643785245 170.64676968351637
1594 -27.701574284589384 1.408557381003966 170.81690940363558
1595 -27.701845542354025 1.353512566845912 170.81717846071183
1596 -27.667327468817756 1.352592359923524 170.60431456244325
1597 -27.667327468817756 1.352592359923524 170.60431456244325
1598 -27.66705641241298 1.4075685763646073 170.60404582109226
1599 -27.66762475646926 1.4709195906789694 170.60626579363046
1600 -27.618971244738958 1.4733733150350534 170.9896188193801
1601 -27.619269107975597 1.5919495162108035 170.99158488974496
1602 -27.618990742221463 1.6470486789783958 170.9912600183435
1603 -27.536526796033314 1.8308662538279634 171.16637753474717
1604 -27.453618043165058 2.070264372777126 171.34155765947258
1605 -27.405149408266052 2.4312052362736742 171.73415084616565
1606 -27.509998585757693 3.0349787252919502 172.39198414566
1607 -28.14104622605298 3.6994028081347183 172.8362128003331
1608 -29.49125279629984 4.541526953680572 173.53175500573232
1609 -29.49187688797659 4.957445285236655 173.5373327980915
1610 -29.4101238577964 5.498845132076462 173.72080946612624
1611 -29.41141430832105 6.155542868367238 173.7305485586548
1612 -29.532373224449316 6.812530898631546 173.78182010256745
1613 -29.652467216037692 7.581582483625401 173.82953898524082
1614 -29.020844786547094 9.243643048151732 169.46763099381488
1615 -29.06336214278434 10.38484999848283 169.71292079280218
1616 -29.149203835368905 11.37957381637909 169.57262187643428
1617 -29.272785548478563 12.276715842765672 169.64781203023222
1618 -29.276543528507137 13.219064005389244 169.67207905237862
1619 -29.20063666057452 14.23904712387458 169.87120276946698
1620 -29.168069701398327 15.33939807083556 169.687050792205
1621 -29.17007343094095 16.391137256916583 169.7058654907736
1622 -28.21795692766678 14.62477352976145 164.18625952793053
1623 -26.58768097984438 16.864378392078745 154.69420888736045
1624 -29.070204787345187 19.377885360864994 169.14131107239538
1625 -28.88075095037384 19.849088945525633 168.681198197064
1626 -28.807858542858988 20.202515728392022 168.26035753829765
1627 -27.449318695181617 13.291165437999346 160.66621109492687
1628 -28.983580382216047 21.681375649315207 169.93287412692288
1629 -28.960107070020204 22.180312011809146 169.15417184118536
1630 -28.933595288064595 22.54763664230089 168.3654593466015
1631 -28.979091230324133 22.906563361906745 167.99881971541276
1632 -29.059423255755796 23.17157253662744 167.83569201474793
1633 -29.058845971323745 23.341722965216796 167.83387712503887
1634 -29.14007797449876 23.552838751166068 167.67600759406108
1635 -29.22165047663892 23.880247283760646 167.52168922235455
1636 -29.30258991479587 24.090490116174998 167.364474866754
1637 -29.381788928987458 24.23687936040155 167.19912720464797
1638 -29.382279715661397 24.353347468474634 167.20234408035935
1639 -29.382771405386475 24.46982087610786 167.2055679312543
1640 -29.49884878400482 24.588490181266742 167.24951409643813
1641 -29.500463097707808 24.651995599600685 167.25806011891822
1642 -29.580526733129176 24.744783466505904 167.09816458904984
1643 -29.581029180483913 24.86118519815612 167.10143161899268
1644 -29.660943570293586 24.953693740191454 166.94184892213252
1645 -29.661449173775605 25.069994200909818 166.94512346310043
1646 -29.6603075537148 25.122855442975748 166.93973794998328
1647 -29.739562208262154 25.09884138896377 166.77720589335573
1648 -29.741214766127673 25.162224349251744 166.78585265947765
1649 -29.740065950680073 25.215028172668326 166.7804558046872
1650 -29.741723531060728 25.27842377025887 166.7891346774253
1651 -29.740570605444656 25.331220324789218 166.78371263411515
1652 -29.74107617222229 25.447417858809217 166.78697638122264
1653 -29.74274379379661 25.510838872397812 166.79571946656296
1654 -29.741582650678506 25.563620788207242 166.79024704559134
1655 -29.74209004047816 25.67982912645822 166.79352462680072
1656 -29.821706809726326 25.771405752639115 166.63455527320417
1657 -29.786028738222676 25.860514813433454 166.4355877569307
1658 -29.786028738222676 25.860514813433454 166.4355877569307
1659 -29.78653982343127 25.976504523136228 166.43887715809396
1660 -29.787051822076847 26.09249968331365 166.4421734644675
1661 -29.787051822076847 26.09249968331365 166.4421734644675
1662 -29.787564733818442 26.208500307404112 166.44547667562344
1663 -29.78638604354442 26.261121592210138 166.4398607321515
1664 -29.78807855831427 26.324506408841938 166.44878679113216
1665 -29.788593295221787 26.44051800105755 166.45210381056205
1666 -29.751285018963294 26.46549748722697 166.24456225674714
1667 -29.752985769340718 26.52884897488803 166.25353820174212
1668 -29.753501951821228 26.644748552951125 166.25686650685194
1669 -29.752308270828465 26.697275884533372 166.25116190596512
1670 -29.75401904607529 26.760653660432098 166.2602017172888
1671 -29.75282126606192 26.813173320523774 166.25447208851216
1672 -29.75453705175627 26.876564310753405 166.2635438326141
1673 -29.753335173704833 26.929076265979404 166.25778917576855
1674 -29.79118065389273 27.020658793585987 166.46879245130896
1675 -29.870088673699772 26.99490081948 166.30716983167693
1676 -29.868878000757768 27.047418970991465 166.30139299020246
1677 -29.870610248768298 27.11083432199743 166.3105217832767
1678 -29.870610248768298 27.11083432199743 166.3105217832767
1679 -29.869395462186475 27.163344707283496 166.30471991797316
1680 -29.87113273685461 27.22677339843023 166.31388062312558
1681 -29.87113273685461 27.22677339843023 166.31388062312558
1682 -29.87113273685461 27.22677339843023 166.31388062312558
1683 -29.86991383762555 27.279275984151827 166.30805373381338
1684 -29.86991383762555 27.279275984151827 166.30805373381338
1685 -29.871656137609214 27.34271806215168 166.31724635077987
1686 -29.871656137609214 27.34271806215168 166.31724635077987
1687 -29.870433126728585 27.39521281497669 166.31139443728108
1688 -29.757140739381903 27.45620117446587 166.2803579670843
1689 -29.757140739381903 27.45620117446587 166.2803579670843
1690 -29.757140739381903 27.45620117446587 166.2803579670843
1691 -29.757140739381903 27.45620117446587 166.2803579670843
1692 -29.757140739381903 27.45620117446587 166.2803579670843
1693 -29.757140739381903 27.45620117446587 166.2803579670843
1694 -29.757140739381903 27.45620117446587 166.2803579670843
1695 -29.72108210507928 27.42758432910204 166.07882556437815
1696 -29.72108210507928 27.42758432910204 166.07882556437815
1697 -29.642138650496392 27.453721148120632 166.24001701635493
1698 -29.6062091372156 27.42509929423179 166.03847670003626
1699 -29.527174347394457 27.451228249846068 166.1995961628113
1700 -29.492594100969747 27.370217502731375 166.00390368501624
1701 -29.44868257470859 27.30887710793664 166.36349477570317
1702 -29.44868257470859 27.30887710793664 166.36349477570317
1703 -29.448161803557625 27.192848632562317 166.36008540765877
1704 -29.448161803557625 27.192848632562317 166.36008540765877
1705 -29.368300504567994 27.102672482911572 166.51842452685497
1706 -29.368300504567994 27.102672482911572 166.51842452685497
1707 -29.36951202984527 27.050100303065772 166.52422856004048
1708 -29.36951202984527 27.050100303065772 166.52422856004048
1709 -29.36951202984527 27.050100303065772 166.52422856004048
1710 -29.36951202984527 27.050100303065772 166.52422856004048
1711 -29.36951202984527 27.050100303065772 166.52422856004048
1712 -29.36951202984527 27.050100303065772 166.52422856004048
1713 -29.36658422017722 27.03912153229169 166.50922562701015
1714 -29.33210759826549 26.95835663931673 166.31270137260313
1715 -29.216615998364613 26.839904346480544 166.26863881057935
1716 -29.21610241049393 26.723922347719263 166.26524931199847
1717 -29.135560694613176 26.517249424205385 166.4200546957433
1718 -29.054367211237807 26.194025477120555 166.5718085346357
1719 -28.97585660631685 25.881059644504514 166.73841108847984
1720 -29.00917400202888 25.442569893231358 166.92832022869115
1721 -29.044864990400676 24.89739848420095 167.12942766317826
1722 -29.151271181965555 24.285199136731748 167.736838512272
1723 -29.21973587296826 23.346106570644512 168.12582321880117
1724 -29.172702958017666 22.23047419771973 168.4767067783415
1725 -29.135705137589582 20.704632286888746 168.25087375707213
1726 -29.55007321453338 17.625759351613695 169.38871456375514
1727 -29.242331810520845 16.72961023139522 167.6000987337229
1728 -29.31281845062361 14.95768333682242 167.38064964146844
1729 -29.348237413129958 13.293204579522408 166.96394881982073
1730 -29.350274220764618 12.20312729077283 166.36264131724866
1731 -29.20505676547569 11.630868933256895 165.5397151908429
1732 -29.16728014690818 11.212055713217472 165.32618236830433
1733 -29.209166328952378 10.731056748706656 164.95652116719404
1734 -29.182104303855542 10.521656862211119 164.20058078634673
1735 -29.100408382159237 10.34669896750437 164.3443285722158
1736 -28.987677324263966 10.407632622743964 164.3078792615519
1737 -28.794456676910592 10.4695404414498 164.42235746808174
1738 -28.441945024582264 10.436611759569843 164.8513230133112
1739 -23.073445986654594 11.787760751628065 175.21162628000164
1740 -28.288871434841404 9.667020483057076 164.58442213829375
1741 -28.287090242938156 9.094059516327123 164.57303876159523
1742 -28.251719939912835 8.741558436098355 164.36663546872146
