123 69.95365761340818 21.32575534578368 547.6643778785982
124 69.7098366232973 21.618659558472924 545.7548306856031
125 69.47048502495949 21.735025661471827 543.8754637384275
126 69.14300983835078 21.913976312078123 544.0593216555699
127 68.57969940819503 22.20747627748282 542.3743508596793
128 68.02459382258637 22.686096762296312 540.7317535298027
129 67.14447031182613 23.512433693500036 539.2599745033369
130 66.27191321610495 24.161597555315378 537.8137267634095
131 65.4039425293003 24.80710831583243 536.3745356139667
132 64.54361133827746 25.277532055790267 534.9623876541925
133 64.0055340360465 25.91131079101187 533.3476667511321
134 63.14899256784954 26.19194268996707 531.9179103792277
135 62.82866243811884 26.196959060114732 532.1059626797216
136 62.28891798619608 25.58053128762534 530.4345925781529
137 62.49835632059157 24.954120854527435 532.2195968586719
138 61.962646197854504 24.171480316568207 530.5682798684122
139 61.639361011602155 23.46896656419558 530.7277790073481
140 61.11209570898494 22.875803598168744 529.1168798218507
141 60.99354559295833 22.416675042127853 531.0579860740409
142 60.99457004935939 21.89266322245314 531.0624008602239
143 60.464701602242144 21.121399085033886 529.4184648904228
144 60.463144920873575 20.76893416079816 529.4054888907591
145 60.141410359835604 20.419986494060872 529.5749878687205
146 60.13987157795755 20.06747899671678 529.5620796135184
147 60.34288708700869 19.778203857704103 531.350487977171
148 59.81785824484003 19.718304039090395 529.730946696521
149 59.49706554723831 19.721591533013083 529.9119797486143
150 59.49706554723831 19.721591533013083 529.9119797486143
151 58.976030932937974 19.662027378620074 528.3012366966648
152 59.17982303856078 19.907333116507935 530.1211696606089
153 58.65955273482057 19.847188020660212 528.5092075231042
154 58.65955273482057 19.847188020660212 528.5092075231042
155 58.34044222912835 20.202176394831536 528.7008309794529
156 58.34044222912835 20.202176394831536 528.7008309794529
157 58.019494847982 20.205448619416345 528.878675179085
158 58.01715300745165 20.37527435058934 528.8625262436544
159 58.021009232134176 20.55730735996046 528.8917633356572
160 58.018632562891256 20.727116724623325 528.8753597875825
161 57.5069705104106 20.8461580594511 527.300408226548
162 57.5069705104106 20.8461580594511 527.300408226548
163 57.70125492298877 20.912579474183524 529.0820032398134
164 57.184132703118166 21.018860775846267 527.4599640520355
165 57.18559417947223 21.369750358328094 527.4727751187954
166 57.189501956436494 21.551355065474986 527.5026688216282
167 57.187059628089045 21.720657868152475 527.4856161187059
168 57.191005671093414 21.902298110127955 527.5157928390006
169 57.18852904910773 22.071583363633675 527.498487053372
170 57.18852904910773 22.071583363633675 527.498487053372
171 57.18852904910773 22.071583363633675 527.498487053372
172 57.18852904910773 22.071583363633675 527.498487053372
173 57.18852904910773 22.071583363633675 527.498487053372
174 57.18852904910773 22.071583363633675 527.498487053372
175 57.18852904910773 22.071583363633675 527.498487053372
176 57.18852904910773 22.071583363633675 527.498487053372
177 57.191005671093414 21.902298110127955 527.5157928390006
178 57.191005671093414 21.902298110127955 527.5157928390006
179 57.191005671093414 21.902298110127955 527.5157928390006
180 57.191005671093414 21.902298110127955 527.5157928390006
181 57.191005671093414 21.902298110127955 527.5157928390006
182 57.187059628089045 21.720657868152475 527.4856161187059
183 57.187059628089045 21.720657868152475 527.4856161187059
184 57.187059628089045 21.720657868152475 527.4856161187059
185 56.99508193041026 21.651816428402526 525.7147032267474
186 56.997511940111224 21.48308042730285 525.7316543689295
187 57.189501956436494 21.551355065474986 527.5026688216282
188 57.189501956436494 21.551355065474986 527.5026688216282
189 57.189501956436494 21.551355065474986 527.5026688216282
190 57.189501956436494 21.551355065474986 527.5026688216282
191 57.189501956436494 21.551355065474986 527.5026688216282
192 56.997511940111224 21.48308042730285 525.7316543689295
193 56.99362400810724 21.30204075770495 525.7019325281459
194 56.99362400810724 21.30204075770495 525.7019325281459
195 56.99362400810724 21.30204075770495 525.7019325281459
196 57.18559417947223 21.369750358328094 527.4727751187954
197 57.18559417947223 21.369750358328094 527.4727751187954
198 57.18559417947223 21.369750358328094 527.4727751187954
199 56.996019908636065 21.133287631575083 525.718632149882
200 57.18800221601768 21.20043033003135 527.4895747563119
201 56.67396818095127 21.30550854670099 525.8770250095465
202 56.67635121089261 21.136698565451947 525.8937185480471
203 56.67396818095127 21.30550854670099 525.8770250095465
204 56.67396818095127 21.30550854670099 525.8770250095465
205 56.67396818095127 21.30550854670099 525.8770250095465
206 56.67396818095127 21.30550854670099 525.8770250095465
207 56.67396818095127 21.30550854670099 525.8770250095465
208 56.67396818095127 21.30550854670099 525.8770250095465
209 56.67396818095127 21.30550854670099 525.8770250095465
210 56.6778338458189 21.486565532141697 525.9067346510028
211 56.6778338458189 21.486565532141697 525.9067346510028
212 56.67396818095127 21.30550854670099 525.8770250095465
213 56.6778338458189 21.486565532141697 525.9067346510028
214 56.6778338458189 21.486565532141697 525.9067346510028
215 57.189501956436494 21.551355065474986 527.5026688216282
216 57.189501956436494 21.551355065474986 527.5026688216282
217 56.997511940111224 21.48308042730285 525.7316543689295
218 57.50998488798081 21.547839837275948 527.326578546361
219 57.50998488798081 21.547839837275948 527.326578546361
220 57.83168622694504 21.895088327259487 527.1629176308754
221 57.82918298410595 22.064258957744038 527.1455996012409
222 58.34708186935714 22.482814282788535 528.7621668749899
223 58.86817076193046 22.903934440038164 530.3887069077497
224 58.66928764650859 22.8307979851454 528.5966704250777
225 59.51086126944417 22.896053944251904 530.0288853782064
226 60.035239966509444 22.965655813943116 531.6501859448281
227 60.355811995753356 23.485923142075436 531.4630554665455
228 61.20796070936389 23.908101710120942 532.9224770951627
229 61.73924086826177 24.50852882974429 534.5558907777414
230 62.60007558029446 24.93606225242672 536.0315043529537
231 63.24608812302534 24.926691043583862 535.6559461190609
232 64.21264233396245 24.91237603288167 535.0871816102854
233 64.85241426775214 25.074097197921063 534.6851361061923
234 65.8203011813419 25.60006635422104 534.1511772906221
235 67.01276587973531 26.382209272688304 535.4329846612692
236 67.41994946549462 27.16754673336423 533.2033509960501
237 68.6112761108891 27.595692190828263 534.459023283388
238 69.81133029325338 27.85432383063518 535.739169918499
239 70.19910334434655 27.5653672813594 533.4482616720875
240 71.39414255928821 27.637310058148202 534.6802823858966
241 72.34270761201884 27.61829071390788 534.0574593103851
242 73.59498702110375 27.050313256003925 533.1696102586085
243 75.42626966733256 26.935930782306972 533.9764256668158
244 76.9885910618545 26.902737979230988 532.8899608217606
245 78.26869290147575 26.780160346116286 529.9398714042048
246 79.80629204029023 26.745244656251145 528.8220431851073
247 82.20738778111847 26.523199768903293 531.1349723465371
248 83.73174723446259 26.13116781854389 529.959659739491
249 86.15310559274414 26.166166104055023 530.1595057851459
250 89.1854163415605 26.279643387585192 531.9557111476906
251 91.30768645366118 26.32001090659674 532.3460007378868
252 93.42226135573166 26.171751824525934 532.6798638677451
253 95.54448543199254 25.68029902938545 533.0340045455083
254 97.35868980483565 25.17777588955136 533.5758844047284
255 99.18390498636367 25.221329602629595 534.1534178341831
256 101.01038731375196 25.264339658475556 534.7179649750549
257 102.17748138378207 25.229283236212257 533.6199542017575
258 103.99969559047423 25.270966800711278 534.1545835964947
259 105.53149479233075 24.96026156625279 534.9454948734729
260 107.06621566069096 24.64802063501747 535.7306444372547
261 108.60079976235397 23.971942086618878 536.4956325703401
262 109.45538644688726 23.58323561225308 535.6062518490951
263 111.39934759084811 23.347450469502327 538.3340512580777
264 111.96546538082573 22.966200922042006 537.7236022839572
265 112.52950126001181 22.585479907284384 537.1107217140398
266 113.09144921239366 22.20529321215584 536.4954254729372
267 114.068856777097 21.901578313190395 537.8466195450495
268 114.34743656616418 21.52952937527773 537.5285073993334
269 114.62861041675113 21.521127395375036 537.2240253617528
270 114.90612963000828 21.149524709609086 536.9047438197817
271 115.19080586972122 20.96899216237136 536.6170802854357
272 115.46270412069738 20.770077168330857 536.2786025976991
273 116.1759498966441 21.02555345287831 537.9787394642858
274 116.45088551397855 21.189817279029576 537.6518322580488
275 116.73310199063302 21.54503490415345 537.3567522380566
276 117.72294480560694 21.603077555947394 538.7195196938198
277 118.00137751656985 21.594364301386573 538.4070805032327
278 118.9992969779011 22.018020108348683 539.7879487177099
279 119.27712968606393 22.009022934381406 539.4724112284283
280 120.27657737820336 22.06838092786951 540.8424355267856
281 120.55715834674945 22.4253609437443 540.5384418435801
282 121.56487867037092 22.852960102922022 541.9269474901135
283 122.57413406581318 22.914719097884742 543.306872282559
284 122.84543815244722 23.079207215839226 542.9628046013094
285 123.86824687243767 23.335883018355496 544.3810865377171
286 124.144064721865 23.32590364648399 544.0535432916996
287 124.41398370506495 23.49026932309109 543.7052704685577
288 124.69760691017952 23.674258823416263 543.4117859272603
289 124.96279774848749 23.469957215338177 543.0472160591778
290 125.71275850844629 23.36876286363909 544.7786533817932
291 125.98676157827454 23.358597120178093 544.4467173271471
292 125.5147665876749 23.275584096556607 542.4069212604371
293 126.26020013401497 23.348403259778888 544.1141905002113
294 125.78722480924213 23.265436160069665 542.0758301433067
295 126.52943345496142 22.969358653766292 543.7659209187535
296 126.52943345496142 22.969358653766292 543.7659209187535
297 126.79809572295972 22.590666318015245 543.4171230553155
298 126.79809572295972 22.590666318015245 543.4171230553155
299 127.54534746689518 22.291721355388898 545.1157663484292
300 127.06618653689836 22.21232752220923 543.0677994904806
301 127.06618653689836 22.21232752220923 543.0677994904806
302 127.06257238070879 21.84393035677466 543.0528224803702
303 127.81018907632136 21.54282411492018 544.7493499111173
304 127.81018907632136 21.54282411492018 544.7493499111173
305 127.80657435547438 21.173314581848572 544.7343990016145
306 127.80657435547438 21.173314581848572 544.7343990016145
307 127.80297529123423 20.8038272010717 544.7195077305637
308 127.80297529123423 20.8038272010717 544.7195077305637
309 127.05182308724605 20.73887189900311 543.0082471479992
310 127.05182308724605 20.73887189900311 543.0082471479992
311 127.05182308724605 20.73887189900311 543.0082471479992
312 127.53593748489185 20.63794817536568 545.0742922894972
313 126.7766105739201 20.379406574922545 543.327793428096
314 126.7766105739201 20.379406574922545 543.327793428096
315 126.7766105739201 20.379406574922545 543.327793428096
316 126.78152523991449 20.20496709925528 543.3458160112406
317 126.50928575979306 20.21367853766459 543.6795201943902
318 126.50928575979306 20.21367853766459 543.6795201943902
319 125.75878614644964 20.324697703475305 541.9569885127415
320 126.2315910612849 20.397020213929473 543.9946110261084
321 126.2315910612849 20.397020213929473 543.9946110261084
322 125.48989994062173 20.701120669459073 542.3027304233304
323 125.96174603170283 20.774813688468065 544.3418799621759
324 125.96174603170283 20.774813688468065 544.3418799621759
325 125.216950739258 20.71000335772564 542.6332365634601
326 125.2204477076014 21.077894479841206 542.6479455577996
327 124.9469277365698 21.086928554854573 542.9778639087916
328 124.9469277365698 21.086928554854573 542.9778639087916
329 124.21065624154653 21.38825201526297 541.2924990714283
330 124.67633969574919 21.464202399555905 543.3219596628875
331 123.93208445127956 21.571197336969764 541.6013522766635
332 123.94046800064915 21.7645071988058 541.6345638324292
333 123.66971851539002 22.141107007038965 541.9760962947713
334 123.39840822385608 22.518050166778288 542.3170939322608
335 122.38445895048434 22.631098985060504 540.92567878298
336 122.12096167950934 23.200545047000052 541.2976277326595
337 120.83885376408044 23.687210806561357 540.2434535267784
338 120.2882743389619 24.07336235917167 540.8959393283913
339 119.01744314588073 24.749767791173742 539.870265963533
340 117.90710441809152 25.523065024190373 541.1556891090863
341 116.35118680812887 26.379398451796664 540.4056315459766
342 114.52886961816017 27.262701242285914 540.0124521219199
343 112.6976435521823 27.950887486477768 539.5685027937187
344 110.86635797057548 28.636476822070275 539.1103729258841
345 110.01152046212626 29.399158600128814 540.0256239683703
346 108.46167757206038 29.705818531718766 539.2354021259257
347 107.88614210845584 30.09268475061114 539.8301179673875
348 107.59915177600874 30.468623311012607 540.1339891913324
349 107.02056363037107 30.856344124016875 540.7249353524264
350 106.05228861223046 31.136221218210437 539.3416852500975
351 105.46301442266528 31.33172134811535 539.8852016208685
352 104.88047117514235 31.719260342860533 540.4659193289779
353 103.62091694623778 31.644052268661753 539.3444735007868
354 103.04124500910348 31.858326108905008 539.9421263200635
355 101.77973991628554 31.954580202108836 538.7901943149927
356 100.23570648060087 32.252066787789715 537.9513131132384
357 98.39811257621793 32.559055304817186 537.3745798915644
358 96.2687135708714 32.703651665782836 537.0732089129323
359 94.47020900376513 33.1305292553307 538.6500281171634
360 91.08693488255923 33.36117688943962 537.1076946512925
361 87.71880858008508 33.3500189811299 537.6633366118832
362 83.41694006532505 33.24144396149173 536.7170492377891
363 79.40004155974975 33.06724323084861 537.596108993509
364 75.66699123551315 33.05003083323573 538.1299065996558
365 72.23379135840926 33.01996541703413 538.3694764220862
366 69.67031705761896 32.72000516346433 539.9981134996275
367 67.08991770954246 32.60376370091697 541.6189701952811
368 64.25839571151171 32.18893038573083 541.2718750889486
369 61.96850570903057 32.23265808624306 542.5854058289775
370 59.33211016134373 32.27992545762373 544.0418104397054
371 57.20633238977985 32.425403808257855 547.1659546277672
372 54.863024888587425 32.28683781047382 548.390013435204
373 52.658152601745364 32.21032375182016 547.4953675671261
374 51.30566727077572 32.40423367981385 548.1198860301593
375 50.29618881266482 32.9698586806037 548.6500688985348
376 49.79055050412677 33.45216081091191 550.8731739255254
377 48.7689358307382 33.83073287340416 551.3541071754173
378 48.251871250451174 33.950838531861415 553.5689811912908
379 47.56632367397438 34.32609143474755 553.8873392476132
380 47.38614227448755 34.44359674831804 555.9584095182553
381 47.0420815833485 34.81584629806349 556.1226070458545
382 46.696521693948476 34.82005620301034 556.2722456492088
383 46.350702422019566 34.82421583527848 556.4210830384228
384 46.51288606311822 35.30878980229318 558.367541398935
385 46.16556108487646 35.31294153841939 558.5156490738236
386 45.8191774271576 35.68657338728834 558.6767715815008
387 45.47132975211416 35.69067537116155 558.8232498970617
388 44.774874165430276 35.698724059898744 559.1137774025816
389 44.07626814103005 35.3367765144894 559.3873009871699
390 43.879206074267096 35.4576178100108 561.4754081151951
391 43.18058981914174 35.285647051901414 561.7850059769763
392 41.98078494235208 35.17987089904778 560.2566212857819
393 40.92837585638515 35.190036775831516 560.666803719512
394 40.36511986173649 35.31283021422838 562.8821260330866
395 39.65890744153925 35.319111099480146 563.1481768497605
396 38.950758752586786 34.95345662478924 563.397032192098
397 37.88742561783877 34.590225025844326 563.7711655810214
398 37.30960886362442 34.52917554043349 566.0102638440301
399 36.11394580074198 34.050996803298226 564.4137052699816
400 35.04228720204706 33.494307715313475 564.7283371477549
401 34.44763421180941 33.23576664730975 566.9129257690163
402 33.372489545906454 32.8683359142053 567.2547108577381
403 32.29851343129482 32.69232263439667 567.6277407636674
404 31.57929659445434 32.32204149318288 567.8416333459915
405 30.859352072895724 31.95146794844069 568.0522336046797
406 30.24223446740451 31.30968380632313 570.2132057858656
407 29.98369125670432 31.03815713739251 572.2883018869089
408 29.25763972871682 31.04045814984679 572.5035552799058
409 28.528337818715304 30.84961288135687 572.677966403177
410 28.166479834366097 30.667257647836617 572.8062694659401
411 27.89854608048677 30.391986060967078 574.8873880244216
412 27.532555814295737 30.015230564857806 574.9763232428966
413 27.167112231802545 30.015987290865212 575.0781821927663
414 26.800808299233886 29.6390930623891 575.1654493892436
415 26.435033548449574 29.6397393939547 575.2655970978929
416 25.978294601211722 29.166502850571852 573.3616394327001
417 26.068422334753986 29.26271077619369 575.3511948509937
418 25.612834005107608 28.79069334497326 573.4467635827071
419 25.701008759264987 28.508000399265093 575.422331494735
420 25.24658631903855 28.038458973099058 573.5175368920469
421 25.33347349752476 27.753239567139804 575.4927231505044
422 24.880218063379242 27.28617522474978 573.5875696060833
423 24.88104011842246 26.7259547937091 573.5949323511286
424 24.87974774585864 25.973317046835636 573.5674865397016
425 24.427496520996403 25.321979454126026 571.6416306359282
426 24.428225483262995 24.76357355764168 571.6476510270552
427 24.4250558793959 23.822063241420082 571.5885336112999
428 24.423842098709006 23.072211807099325 571.5620878082193
429 24.87398687598223 22.587355151017963 573.444833621198
430 24.787074334389214 21.763964681556462 571.443056479245
431 24.78644523757545 21.389121652373305 571.4296264094025
432 25.23576528315757 20.706897170054795 573.2800781605405
433 25.148211970000773 20.264696050120055 571.2919375782488
434 25.147578068799863 19.88994528860468 571.2785675298774
435 25.51041064092581 19.51522140504418 571.1668441309862
436 25.50976978278872 19.140527580929106 571.1535001241205
437 25.421506118472404 18.705027349009573 569.1781030389757
438 25.421506118472404 18.705027349009573 569.1781030389757
439 25.871764060118846 18.391239462535527 571.0276178008688
440 25.871764060118846 18.391239462535527 571.0276178008688
441 25.871764060118846 18.391239462535527 571.0276178008688
442 25.420870913389624 18.33160867872061 569.1648711504747
443 25.506801884846194 18.200157740372653 571.099168996155
444 25.506801884846194 18.200157740372653 571.099168996155
445 25.508491517780993 18.391193190222868 571.1268646788714
446 25.596673157499694 18.45115921782939 573.1014206789112
447 25.145053768059313 18.391120037361585 571.2252612641834
448 25.145053768059313 18.391120037361585 571.2252612641834
449 25.145053768059313 18.391120037361585 571.2252612641834
450 25.231952117352375 18.451067324712728 573.1995485386897
451 24.780403462072798 18.574675413199614 571.3081463332591
452 24.7814524438348 18.3910200109166 571.3228073359761
453 24.7814524438348 18.3910200109166 571.3228073359761
454 24.780403462072798 18.574675413199614 571.3081463332591
455 24.867691090424305 18.826895904726253 573.3101897899323
456 24.867691090424305 18.826895904726253 573.3101897899323
457 24.86831568691651 19.20286121536931 573.3235766360038
458 24.86831568691651 19.20286121536931 573.3235766360038
459 24.8672254961612 19.387121275512886 573.3082719515428
460 24.8672254961612 19.387121275512886 573.3082719515428
461 24.8672254961612 19.387121275512886 573.3082719515428
462 24.781609042451482 19.324065623482372 571.3341984556882
463 24.781609042451482 19.324065623482372 571.3341984556882
464 24.783316412289334 19.515174748450484 571.3627350205032
465 24.78221349698228 19.698786784270986 571.3472503796231
466 24.78393995620291 19.889928473711176 571.3760787720244
467 25.23335177701129 20.139080439249852 573.2372988269117
468 25.148211970000773 20.264696050120055 571.2919375782488
469 25.147061366122337 20.44824552363319 571.275894414699
470 25.147678228389385 20.82299827562923 571.2890071579855
471 25.599355541485725 20.89099734930302 573.1655745691249
472 25.51115941324726 20.822911213592672 571.1906540453168
473 25.51115941324726 20.822911213592672 571.1906540453168
474 25.51115941324726 20.822911213592672 571.1906540453168
475 25.51234011800424 20.639409794804028 571.2069812954627
476 25.51234011800424 20.639409794804028 571.2069812954627
477 25.510533460869958 20.44817976354321 571.1775322396377
478 25.96331681971361 20.514942426172883 573.0534275922922
479 25.96331681971361 20.514942426172883 573.0534275922922
480 25.96331681971361 20.514942426172883 573.0534275922922
481 25.96331681971361 20.514942426172883 573.0534275922922
482 25.873840385929018 20.448084094689857 571.0783196512944
483 25.96515368498318 20.706798287891658 573.0830728772941
484 25.96515368498318 20.706798287891658 573.0830728772941
485 25.875668091651768 20.639324745654434 571.1077871086704
486 25.874475439503893 20.82279369178514 571.0914504918399
487 25.874475439503893 20.82279369178514 571.0914504918399
488 25.874475439503893 20.82279369178514 571.0914504918399
489 25.787403452901 20.945783508262224 569.1584200818905
490 26.23827003077952 21.197350483227023 571.0045543412896
491 26.601915698078884 21.57184856719245 570.9168443345424
492 26.8733280059047 22.248299177476834 568.8778973778049
493 27.142642559227316 22.92016164247585 566.8499159199704
494 27.86308931726144 24.217756242485574 566.6623427418896
495 28.845139408925093 25.620942341890803 564.4546881184607
496 30.174977155102642 27.012889451306705 562.1398482795556
497 32.42090177799405 29.127983487402215 563.432069774678
498 33.96940336214783 30.77163359435724 559.0566333490603
499 36.08237324733584 32.04181574363482 558.3358318244175
500 37.70396959586724 32.64710675988198 555.7570965677377
501 39.65961218043914 32.888584957285545 553.0839264457362
502 42.22175805012161 33.15003463356468 553.9979352444279
503 43.99605596906015 33.463805674213255 549.4160927819203
504 46.385093242756675 34.336936183962955 548.3875438697587
505 48.9319782044308 35.14530155449738 549.2279816559764
506 50.9673844350104 35.47905944337647 548.2952589587353
507 52.47413127343028 35.33655725554288 545.605794058676
508 54.148636318430114 35.30877973865362 544.7785582952358
509 56.003908568914596 35.207523570203485 545.7718842244823
510 57.14289082773074 34.89458121877842 543.2288642157686
511 58.26557267715949 34.755889534732525 540.6621912583183
512 60.10891994395185 34.650707947524495 541.5926260659711
513 60.67459327956053 34.40488444481907 537.3359578034994
514 61.6493975509039 34.38483129036963 536.7851873806592
515 62.61979649428772 34.00710485774922 536.2153507558249
516 63.049947988483304 33.00018124967792 534.0047232171277
517 63.470496924926394 31.815988199078674 531.7673225932258
518 63.56835000470109 30.646764633436153 529.7303979952019
519 63.66503760757653 29.48573645714435 527.7055268755319
520 63.44493797414934 28.338678125285988 525.8823024949569
521 63.44343904416644 27.987969487366133 525.8702920686095
522 62.91586589273452 27.386413832664907 524.2913531719565
523 62.072591850863006 26.612661541880442 522.876617533414
524 61.43557631863714 24.879367235596586 523.1887216096792
525 60.594718145839835 22.556174955957907 521.7483702495118
526 60.47145090725156 19.841606802612507 523.5934908238379
527 59.9474197401807 17.528626482641492 521.964865478526
528 59.42600521066836 15.743726266274013 520.3441956542013
529 59.10483987084766 14.013554208294808 520.4683890397068
530 58.58914438074685 12.077784923866059 518.8680267764186
531 58.777103571034026 10.036573483862862 520.5347318166977
532 59.08665223919418 8.650062822901603 520.3102156196596
533 59.59727836544121 7.46584776347144 521.8462035691286
534 59.79363557546447 6.4436579631291 523.5665677819594
535 59.789698987206556 5.398652176045435 523.5330237497965
536 59.98861256923213 4.716133715741048 525.2753671883764
537 60.303964865511745 3.84829881793087 525.074676678666
538 60.507186695958616 3.3394358764408314 526.8423674025244
539 60.503805673106086 2.808388744353813 526.8157054545768
540 60.50247362505028 2.4580059006419113 526.8044156710827
541 60.50170520895865 1.9378744539738513 526.7961306858845
542 61.02268724885252 1.4111277595184941 528.3724535520018
543 61.02135742627226 1.0597443356677239 528.3612205264421
544 61.02181273618904 0.8894680742075866 528.3634490429727
545 61.02045077498792 0.5381011699786821 528.3519919627544
546 61.018710916753996 0.35702163012026633 528.3388482764424
547 61.01909319450551 0.18674926531271788 528.3405661668969
548 61.01739422929297 0.005682226500822459 528.3277090474592
549 61.017739994485666 -0.16458770078418886 528.3291716531442
550 61.543387130125026 -0.34676607714971697 529.9277524846336
551 61.54369937177853 -0.5175524928711314 529.9289697504664
552 61.54206413431406 -0.6991422241195239 529.9166084194111
553 61.54233948955396 -0.8699255326373079 529.9175688432115
554 61.54233948955396 -0.8699255326373079 529.9175688432115
555 61.540745559033006 -1.0515038532229861 529.9054957887175
556 61.54098403026312 -1.2222837264830562 529.9061993895772
557 61.750838759008786 -1.2274756234245217 531.7131891976978
558 62.07012050548769 -1.5794964792644106 531.5156713776464
559 62.07012050548769 -1.5794964792644106 531.5156713776464
560 62.07012050548769 -1.5794964792644106 531.5156713776464
561 62.06875841648365 -1.9328971806209694 531.5042957805597
562 62.06875841648365 -1.9328971806209694 531.5042957805597
563 62.60269315071579 -2.1106962261008357 533.1353010789536
564 62.60111227194605 -2.2933394475777464 533.1235683091165
565 62.38770409589922 -2.284641750449393 531.3061341809495
566 62.38787395172083 -2.455872775445776 531.3061955274825
567 62.38634384827301 -2.6379312550223912 531.2948243526289
568 62.38634384827301 -2.6379312550223912 531.2948243526289
569 62.38647626385326 -2.8091574911667343 531.2946273217573
570 62.38498810470462 -2.9912061330511728 531.2835462698026
571 62.919469164035284 -3.000410735614088 532.9129319617431
572 62.919469164035284 -3.000410735614088 532.9129319617431
573 62.919469164035284 -3.000410735614088 532.9129319617431
574 62.70495253633065 -2.9893973993572107 531.0960210685444
575 62.70495253633065 -2.9893973993572107 531.0960210685444
576 62.70495253633065 -2.9893973993572107 531.0960210685444
577 62.70495253633065 -2.9893973993572107 531.0960210685444
578 62.70495253633065 -2.9893973993572107 531.0960210685444
579 63.24023189093979 -2.998593533679325 532.7243103837312
580 63.24023189093979 -2.998593533679325 532.7243103837312
581 63.024590977631895 -2.9875848266323946 530.9077841161445
582 63.026095706278916 -2.805580092776315 530.9188706611731
583 63.025960804356764 -2.6344748966736686 530.9190568320278
584 63.025960804356764 -2.6344748966736686 530.9190568320278
585 63.025960804356764 -2.6344748966736686 530.9190568320278
586 63.56205172804394 -2.64258601560108 532.5463147807604
587 63.34527903010585 -2.6327416885436916 530.7301063901131
588 63.34527903010585 -2.6327416885436916 530.7301063901131
589 63.34527903010585 -2.6327416885436916 530.7301063901131
590 63.34527903010585 -2.6327416885436916 530.7301063901131
591 63.34527903010585 -2.6327416885436916 530.7301063901131
592 63.12986667025843 -2.622959138662135 528.9252954490906
593 63.12986667025843 -2.622959138662135 528.9252954490906
594 63.34527903010585 -2.6327416885436916 530.7301063901131
595 63.34527903010585 -2.6327416885436916 530.7301063901131
596 62.813202934943995 -2.4432441145259416 529.125164979241
597 62.81303039651488 -2.2727159345357135 529.1250907879631
598 62.28560075002787 -1.733931393676415 527.5415956598235
599 62.28700213113645 -1.3829825086924705 527.5531118652926
600 62.286719516640225 -1.212959891142341 527.5522753516294
601 61.76084807378244 -0.8593196282216529 525.9665197391156
602 61.76356813539333 -0.15945472063801297 525.9890638479587
603 61.76630615800662 0.5404693303484965 526.0117343159415
604 60.723428004391664 1.4016819223046046 522.8660042850331
605 58.17316891941353 2.0163022778767306 500.90916084754775
606 57.98923206585132 3.5036064369664386 499.3259639956828
607 57.61919423387084 5.287275652034193 496.14265882943675
608 57.9196648450043 7.249563475309255 495.98276437413597
609 57.55196725365234 9.327578235757683 492.83592415262683
610 57.84922916584282 11.276184485764013 492.66548035453263
611 58.14578897489432 13.22368761758721 492.4893997637609
612 58.44164287817128 15.170039582954077 492.3077073178656
613 59.22198968890325 17.49311810132136 493.5239521553528
614 59.518204913209665 19.94251322649486 493.3448161348219
615 60.00685350117512 22.299935219918467 494.7567188642946
616 60.49780063229789 24.67070110324808 496.1728003977884
617 64.71959007270921 32.79386969440006 530.8129198355468
618 64.73819872719713 35.64085735034174 530.9569281678453
619 64.42046083488778 38.113100570450364 531.1642381813022
620 64.42990381365965 40.59336131265217 531.2413025250369
621 65.52315336191688 42.981416125398276 534.5780741591066
622 66.17542256584109 44.575154900059275 534.2791838552296
623 66.81927733934008 45.62439055587885 533.9246798133128
624 67.46192864025271 46.67250701217047 533.5677789288083
625 67.77865224794058 47.5433933919137 533.3614295098289
626 68.1015136273051 48.60095558810794 533.1992282704066
627 68.67439834719733 50.198406075144966 534.9732497471412
628 66.73356704387609 50.50013968457101 530.4675714590192
629 69.26966725050742 52.544992638900354 536.8837088136312
630 71.85749773444672 54.084467689748095 543.3876780075782
631 72.26110935405063 54.79306905386152 541.1585134307988
632 73.10138195132805 56.60636773840438 544.8213538476078
633 73.6394518233693 59.02033924462757 548.818938906116
634 72.48347375518014 60.11157113541837 545.4352138793528
635 72.48278922159362 61.377484734953555 545.4365064395691
636 72.74307063197962 62.31741896821386 547.3939141469349
637 72.74527093573069 62.68375816357904 547.4096020791328
638 72.42232451858843 63.065422720794174 547.6325866211325
639 72.42452252547315 63.4319025747967 547.6483261086473
640 72.42452252547315 63.4319025747967 547.6483261086473
641 72.41701781582695 63.603021430384835 547.6008435745506
642 72.68317782480823 64.01462427700196 549.6038289029328
643 72.10118199587095 63.81380215739649 547.8705772151843
644 72.68317782480823 64.01462427700196 549.6038289029328
645 72.68317782480823 64.01462427700196 549.6038289029328
646 72.68317782480823 64.01462427700196 549.6038289029328
647 72.35645024373517 64.03004800174436 549.8108034211041
648 72.09366584228796 63.98493097691517 547.8228169863822
649 72.35865549577343 64.39791878878911 549.8266704865505
650 72.09581719347052 64.3514927651196 547.8383289815292
651 72.68762111607464 64.75020847857431 549.6356390790065
652 72.68985109775011 65.11803794286547 549.6515976008767
653 73.27002215783038 65.86459845610767 551.3627332949112
654 72.35975054250406 66.04107416752308 549.8410266124581
655 72.68871450667268 66.39297134452617 549.6499386810139
656 72.69092205363005 66.76084037744187 549.6657593068318
657 74.14063027834179 67.61245234695939 555.2111068398665
658 73.87888715740812 67.75210625011267 553.2494920760199
659 73.34788841076508 67.4637499909319 549.281678793688
660 73.61071158436042 68.0622711060584 551.249569679942
661 73.67586943940046 67.81482603116125 549.0886326674706
662 73.35239792161569 68.19929729764668 549.313655037836
663 74.20570387067525 69.01827031581101 553.036723111529
664 74.54419996156007 69.19964828380984 552.8946159489584
665 74.86319799829259 69.35419487522728 552.6307353939093
666 74.59962022042843 69.4870538488947 550.6835245105028
667 74.91704679943848 69.640647409094 550.4196495105597
668 75.25331881229336 69.82088264551999 550.2757119132518
669 74.97830857241574 69.75424864622757 548.2739135431441
670 75.5808196284222 70.17182904914837 550.0789318110399
671 75.57222546091307 70.34253154236195 550.0261929406803
672 75.57222546091307 70.34253154236195 550.0261929406803
673 75.57222546091307 70.34253154236195 550.0261929406803
674 75.58320704505475 70.54046766431794 550.0953640914117
675 75.58320704505475 70.54046766431794 550.0953640914117
676 75.31545849315285 70.3011039988382 548.1460745222669
677 75.30686694765781 70.47115448294257 548.093391421682
678 75.57456636710138 70.7111052120895 550.0423428580551
679 75.57456636710138 70.7111052120895 550.0423428580551
680 75.57456636710138 70.7111052120895 550.0423428580551
681 75.58320704505475 70.54046766431794 550.0953640914117
682 75.24712795288995 70.36036260052099 550.2393460312202
683 74.65403129613927 69.77185128401348 548.4858038777913
684 74.64117025967026 69.20741628552057 548.4025174508506
685 74.64717590381326 68.66956834178605 548.4380427228607
686 74.63448733650621 68.10547289356943 548.3558159176262
687 74.63006117620745 67.37096754649109 548.3248634810172
688 74.36220945128399 66.411265358692 546.3579124136133
689 74.35567709091991 65.31358370763051 546.3121920413575
690 74.08966554799564 64.36429172518484 544.3587217091787
691 74.08538154100025 63.63520056756893 544.3287108214706
692 74.6581062132368 63.273680528140005 545.9635310982815
693 74.4006478940605 62.52592969466883 544.0727561217943
694 74.38908496888324 61.96759564139133 543.9977176596817
695 74.70822097418691 61.58767131769328 543.7712089879192
696 74.70407038850183 60.8594458709865 543.7422558144806
697 80.80742734830565 66.94877589942061 585.3038444952671
698 80.79856441391313 65.77455400752915 585.2435734565986
699 81.09378128945345 64.83367989667566 587.3864104481129
700 81.39110000374245 63.88614643754879 589.5444092651245
701 81.38231450218719 62.70417428880758 589.4845218506439
702 82.33144203152635 61.745035130609985 593.6068068889288
703 83.22339892703495 59.97437970693501 600.0865173759856
704 83.2180641346734 57.78343076521656 600.043437804178
705 83.18184204123783 54.959474131397975 599.8057400924178
706 65.14686846303118 44.8198563832577 545.6918963092262
707 64.81332671631765 41.93407553372859 545.832115316444
708 65.02954147440352 39.34339347446832 547.6534729644168
709 65.22793652726081 36.52842403103848 549.3562778086963
710 65.65940717276315 34.585300746786835 547.0424506574541
711 67.4160143721416 32.749122190262945 549.9111429299571
712 70.60007575127366 32.29656056323262 558.3300193507528
713 71.58954814631116 31.339170442204516 557.6440711820813
714 72.50950934511283 30.687221256426447 559.2016435206647
715 72.49953242227917 29.74804559249572 559.1325564052322
716 73.08313145307332 28.52793798791409 560.8559672983652
717 73.6778573227665 26.939906548976037 562.6368149031829
718 74.27126376644885 26.079660947579296 564.3996426505332
719 74.60806322947353 25.51727439276992 564.1938688272694
720 74.60806322947353 25.51727439276992 564.1938688272694
721 46.65547665647339 46.24722018390796 342.9545207548839
828 69.90523007374453 25.26916037523133 550.0341943606727
829 69.64267192802505 23.709932967308834 547.9830940856843
830 69.96023390496465 21.879890988345068 547.7098931462798
831 69.70261522421804 20.16388948819414 545.7005380561375
832 69.69903589906458 19.43661822636754 545.6735985601666
833 70.02436511191122 19.432833071130034 545.4706462020614
834 69.45681925150424 19.734786234163117 543.7766476278911
835 68.81639164427645 20.11813083332352 544.23984142918
836 68.74015786558877 21.10529199517359 546.4125469692539
837 70.48305496446665 24.2172068983217 560.262323413776
838 72.28546620771786 28.21987362152574 565.8916099684149
839 72.37619353507264 30.746148936640516 563.7534395809703
840 72.7963124179723 32.49895620235075 561.3890660972434
841 73.46226707302941 33.03817449426414 560.9591522862751
842 74.13123038922375 33.39751621169716 560.5535015548777
843 74.78965463256237 33.187799703602394 560.0851823654937
844 75.78458852722957 33.165147143542576 559.4421227791722
845 76.78065305733547 33.88823205619934 558.823726543246
846 78.10437043681345 34.97421011751087 557.9941387547923
847 80.04019835855867 36.54622859632194 558.9625670148525
848 81.35537818629412 37.62904774021441 558.1045747103782
849 82.65611572429057 38.51315035915056 557.1866761966638
850 83.63887419603137 39.0504637009291 556.5543814486632
851 83.9741756691054 39.07123119510084 554.0437438429374
852 85.2416124266065 38.80207392433542 555.3284681294828
853 85.56417648565048 38.45236550244424 552.7985801003784
854 86.21375735536618 38.11268372807733 550.1219806709553
855 87.78938452765998 37.689729772303544 548.8988729971998
856 89.02420513815437 36.94649254131775 545.6420212346991
857 90.8899651801665 36.7061554341659 544.1835192244304
858 93.37572379099238 36.752260455959515 544.373726142041
859 95.50802170511817 37.20768656618869 542.5512550015598
860 97.32696771301836 37.862519866548084 541.0072837962485
861 98.47252314777182 38.03114485749573 537.748819401044
862 99.95046911478951 37.60342781989796 536.3885904716395
863 100.82385151761989 36.47968538792746 535.5256589215647
864 100.37820466784522 34.42534298753438 531.3446353745161
865 100.64733073373422 32.79083817163457 530.9681548155395
866 101.21812878081029 31.69364750747284 530.3777305010736
867 101.78699630248369 30.598165320603318 529.7851470321151
868 101.69935833095961 29.058903986796533 527.5631637237444
869 102.62330653440799 27.351642108115733 528.8261920858287
870 102.53148006935575 25.82714273292727 526.6077340354556
871 102.81085175399853 25.10721124770609 526.3030319185442
872 103.46326151581792 24.301343910051898 527.899823121877
873 103.08117331746604 23.322569130412976 525.9557613375921
874 103.72647481955153 22.32482787926188 527.5167218745743
875 103.35974032518638 21.20249820029513 525.6451961239324
876 102.97689361014689 19.884992867099182 523.7039966890462
877 102.96853389775372 18.82440040798146 523.6630069931014
878 102.31999428995077 17.895433210975327 522.0720612805825
879 102.31168200948427 16.838275188967394 522.0312137046293
880 102.30619423648025 16.133600715757655 522.0042223076819
881 102.30074945562292 15.429003383859513 521.9774231344428
882 102.29534766195015 14.724482428966795 521.9508161567567
883 102.00758541320053 14.024557047342906 522.1992341259547
884 102.0079319266337 13.504253184929231 522.1984696997943
885 101.99965377265845 12.967606280063087 522.1599704889991
886 101.99984407489524 12.447325850076371 522.1585279432215
887 101.99716949599717 12.095054225404265 522.1453098660918
888 101.99450560186317 11.742801185468299 522.1321397037966
889 102.63765119274134 11.424770851512626 523.6986934643968
890 102.64037737674369 11.256232817712762 523.7096829938483
891 102.63764744051682 10.902946825315112 523.6962545615445
892 102.63492828101916 10.549679598230599 523.6828743326654
893 102.34373254849882 10.014664333206252 523.922192810882
894 102.34111728162345 9.661318912773671 523.9092308073664
895 102.057070036965 9.141823308606702 524.1808581563312
896 102.05442147928474 8.7883659018422 524.1677146199619
897 101.76279280232116 8.252452084566446 524.407664780189
898 101.477627016751 7.731958740980273 524.6771436626266
899 101.18988271875662 7.380065907723792 524.937554055659
900 100.61561014235318 7.029517053743885 525.4695312448621
901 100.68601085014097 6.52861959158499 527.6094676424412
902 99.74701947380274 5.970971049174664 526.2437472173868
903 99.81104642644536 5.635586787608444 528.3769991512895
904 99.229285448975 5.281612272777466 528.9035683095912
905 98.64729217692386 4.756513877044764 529.4338468985288
906 97.41860776921881 4.202775145877329 528.3201260850608
907 96.54151040109605 3.677771180371995 529.1048280825022
908 95.95277806856694 3.322107831276169 529.6168050468253
909 94.73104020872569 2.956997032593783 528.5090351697804
910 94.13999798491409 2.6013582360620457 529.0129564141037
911 93.54721011763118 2.245205479701714 529.5143313302215
912 92.32899410467877 1.8828967025667278 528.3969640763466
913 91.73399528580767 1.526811569391605 528.8902990747858
914 90.52307255118865 1.3509363518054645 527.7849523257232
915 89.0012398568507 0.9900194950041895 524.8235936652459
916 88.10758395193353 0.8043012190343696 525.5429374650191
917 87.51256094629812 0.6330167316143814 526.0326340027045
918 86.31172412674957 0.2772967199253769 524.9100519465583
919 84.81859644633496 0.27332073050873723 524.0382264803684
920 83.03890565077435 0.08834530393540549 521.341374254593
921 82.14180024729033 -0.08323100403015199 522.0386343324792
922 80.96089193617256 -0.08526582217897499 520.9290763286307
923 79.48170055078543 -0.2690361246155858 520.0321674611415
924 78.5802399080688 0.07580463464849185 520.7151906731552
925 76.80365085246184 0.07122920274055472 520.0375532952429
926 75.02980426690463 0.06667291197227647 519.3486939134543
927 74.06796641346781 0.2418095318485393 521.9951929116033
928 73.14685033786839 -0.11053290347005353 522.6191159352355
929 72.47392311522744 0.06563170671876599 525.0555295761717
930 70.99124807462816 0.06205894823194336 524.0937380676626
931 68.73297688359837 -0.11984679872977722 519.7792479173258
932 66.96141225692986 0.043186295389451936 519.0211018012134
933 65.4130917599662 0.20523978400750406 519.9985305979247
934 64.17068075089688 0.38018163554753887 520.7831755726934
935 62.71000518835036 0.3760659762966922 519.7943635390938
936 61.772591828307846 0.372995361557489 520.3563443590965
937 60.31556435807942 0.5362724366474759 519.3529427669395
938 59.374713330600805 0.533372981290864 519.8995125995497
939 58.746358211926655 0.3637671635497146 520.2624927750423
940 58.116323771611235 0.3617104034252795 520.6207007256924
941 57.800846163319996 0.3606809842576191 520.7987737752992
942 57.67798026327868 0.19115216204237873 522.7224523797453
943 57.35904527088385 0.0110456411449729 522.8859379122764
944 56.72379943444353 0.008824607601507961 523.237874185549
945 56.40572402522588 0.007713784052101477 523.4127976713867
946 55.76867448659665 0.0054915461747070925 523.7605509748839
947 55.13084303884752 -0.1656413422029879 524.1073275413067
948 54.491418312765084 -0.167975327959523 524.4494674159464
949 54.35280667605221 -0.17090401636236027 526.3776180357838
950 53.53009132991175 -0.17147587860590136 524.957404699219
951 53.20907012640071 -0.17264259531537202 525.1253077991867
952 52.56616708161543 -0.1749757994045124 525.4589950949132
953 52.09553092253926 -0.009076263525975632 527.5479682534989
954 50.63183590992137 0.16704528907053948 526.4547248069965
955 49.65991312799165 0.3335637465472314 526.9351797537522
956 48.85010791899604 0.5102763699246861 529.1869618161172
957 48.19677373918913 0.678834044602526 529.4988698329186
958 47.215394998033865 0.6758472483679583 529.9646177614949
959 46.40647382398569 0.8524279746363423 528.5220955371531
960 45.90466916077633 0.8519612338675426 530.5894139486454
961 45.246593391999006 1.0210666574302583 530.8880648202498
962 44.2596295673711 1.1983936687363677 531.3483713039695
963 43.744596128138234 1.3710271062212014 533.4149457094117
964 42.7499993330069 1.721137066964415 533.8620347588836
965 41.28241069926053 2.0653357559045533 532.6677182914482
966 39.95405806211758 2.766378758773548 533.2491030166286
967 39.08451008649451 3.125288213619885 535.448364385685
968 38.080103828962116 4.003098196445657 535.8719440551414
969 37.07406859268949 4.708939282341965 536.2925697477709
970 36.18671263628399 5.257982979199164 538.499925239394
971 35.17232445468781 5.611772216984059 538.8957515398741
972 34.61117381420944 6.340592523777097 540.9712079229536
973 33.590823172155716 7.052643379538145 541.3677225890722
974 32.568529404634376 7.765142824438232 541.7573960694926
975 31.992223616039563 8.679452303947404 543.8244424995556
976 31.306925341211624 9.395270020696316 544.084984623135
977 30.275982371821346 9.752987882671366 544.4459701208051
978 30.033212663792305 10.501900683537086 546.4061354706784
979 29.244644201315573 10.827597122604722 544.8241047513868
980 28.90114183796957 11.544403586868048 544.9607259406612
981 28.461773031879993 12.398314687978042 543.2768602980384
982 28.119632482938794 13.470672244652576 543.4234134232535
983 27.777921766706022 14.900895119352242 543.5812752023693
984 27.00066585259031 16.455472379235236 542.0357898453883
985 26.572083503409658 18.182179793794923 540.4142924123744
986 25.803646776894084 19.544731539258162 538.8979135552952
987 25.547956336713643 21.02882208278752 540.8282250567637
988 25.549121530759365 22.625504958036288 540.85925552895
989 25.125236135802968 23.974806448975905 539.2333928746416
990 25.127563759350853 25.393905394796587 539.2802245530793
991 25.12932271262265 26.45839748666739 539.3155401994189
992 25.130501651024673 27.168139351066813 539.3391753478188
993 25.47198190087577 27.694671961204648 539.2262008052331
994 25.4740460167251 27.87675564151632 539.2578892162272
995 25.47464833335324 28.23165573250701 539.2697811937414
996 25.559255394342195 28.67600845572999 541.0602836490235
997 25.133471057886585 28.942777701310842 539.3985830979816
998 25.21538113069352 29.56271022925327 541.1678964414774
999 25.215965266681614 29.918805265138957 541.1796634524327
1000 25.216550659808433 30.274916483630705 541.1914487109008
1001 24.793873535479523 30.719192075967122 539.5625948814535
1002 27.962028919605228 31.330532942144053 540.3676092817652
1003 25.218314382139557 31.343347584716714 541.2269139770995
1004 25.218904803937328 31.699523883611935 541.238772231309
1005 25.56368970126025 32.41039570135319 541.1578414818382
1006 25.48026713726834 32.66420985332851 539.3906343430573
1007 25.823161067392995 33.017644280431014 539.2969112372726
1008 26.166521730169016 33.72605916338444 539.214414609942
1009 26.50791335624143 34.60660746106459 539.1067833681971
1010 27.193213185700724 35.66772154961141 538.9257582252111
1011 27.446195113125558 36.61590685621012 537.0823058072051
1012 27.787664758964986 37.321462765822616 536.9958897637246
1013 28.469500234440474 38.37830696726461 536.8091933515454
1014 29.15071810982115 39.43470801884544 536.619821943551
1015 29.73042878455286 40.181593851349184 534.6270363302198
1016 30.404906070137034 41.0509094989989 534.390624574259
1017 31.417988377890616 41.74607039972126 534.0611776487464
1018 31.987762126159126 42.31145962698246 532.0954788897614
1019 32.994684059568506 43.002786695892645 531.7550794252156
1020 33.66208478380852 43.51497427341814 531.490483552606
1021 34.21887631325298 43.720835278003065 529.5127931452323
1022 34.88585885498691 44.41211497760565 529.2839688687624
1023 35.21988994005732 45.10759946030139 529.1802951373616
1024 35.43381777727146 45.4785974756783 527.3030389740779
1025 36.09320402463823 45.984812684758204 527.0252892615279
1026 36.87610155005255 46.818090612686895 528.5169756325438
1027 37.083236938864005 47.18234056979431 526.6351653478121
1028 37.74418903420063 47.86851979535881 526.392623107171
1029 38.40432716131237 48.55413737335599 526.1474110017421
1030 38.93597275133201 49.085638708992775 524.1803016979004
1031 39.72121586414353 49.57523962884022 525.6375203241706
1032 40.245818209860644 49.75505712540153 523.6536290313423
1033 41.361730036881006 50.58750962547737 524.9761212931929
1034 42.34254627937633 50.914935888637466 524.5616695681825
1035 43.31750879863757 51.4070749211038 524.1059365128755
1036 44.15354812746989 51.752307146548375 522.007526658691
1037 45.06083727602602 48.62908491367284 520.5919850669911
1038 46.33936709670303 48.92905216537789 519.9163597107516
1039 47.46848234849987 49.091946050239635 517.620115284648
1040 49.056576728622055 49.21615724076181 516.8025885556748
1041 50.470471078627526 48.841849511015454 514.264817763094
1042 52.18714747663386 48.63948031320829 511.610848064624
1043 54.674528360018506 48.728927801437095 510.234452705718
1044 56.95653126102972 48.66188892187018 507.1551348536632
1045 59.69958321643072 48.39206176116973 505.50133224311134
1046 62.40940813451612 47.93900124111837 503.745192410917
1047 65.4041914943847 47.49041332465746 501.8312607837602
1048 68.36577092424255 47.03751397939719 499.8547296428133
1049 71.53402806479929 46.56854020492786 499.4906199258789
1050 74.38061285380948 45.75016390616149 499.17607016182774
1051 76.68064369575127 44.64128874082843 497.4154032966823
1052 79.7568086732617 44.447744612269425 498.6398925607158
1053 82.28306418641726 44.45581801725869 500.3407993469363
1054 83.97937715242857 44.189852037168066 500.8497461335605
1055 85.40396308691291 44.116025812708656 501.6317432863031
1056 86.82477338088731 44.20035952906863 502.37563582868205
1057 89.09513332887869 44.376124428085326 504.25357312057247
1058 90.79939335646417 44.60430818472824 504.7078393934422
1059 92.2321470908664 44.68754792976357 505.43455946781665
1060 94.26922813358269 44.90091542634033 507.64028219692227
1061 95.7095328577709 44.63984778677731 508.3455100515261
1062 96.81480978416771 43.88828365962636 507.2768900851239
1063 98.25104031106461 43.279900507960825 507.9480361542491
1064 100.03598400979376 42.80992459914469 510.3809646527296
1065 100.58090487551894 42.08690743458114 509.81258879083265
1066 100.86030764857468 41.56420237622021 509.56016987809846
1067 101.75562599234945 40.97817304793237 510.7617636043327
1068 101.39236783207433 39.80811095695433 508.94079008387627
1069 101.38252473802623 38.773661376762526 508.8939883877103
1070 101.02892104986208 37.453986116307895 507.1156124380017
1071 101.02940152352659 36.6055371307261 507.11392109305683
1072 100.73967651079148 35.74973835826882 507.3080310775459
1073 99.84016566609492 34.973711019609446 506.06216557756983
1074 98.68117609924826 34.39521624266431 505.1293313006176
1075 97.51009032437317 33.798909502272686 504.1274206413085
1076 96.07487177157645 33.0565692797554 503.41318951261417
1077 94.97524239977828 32.60148939834837 504.45580579609526
1078 93.25639870093498 32.03209557529948 503.9520057897395
1079 91.85693188325462 31.404433983397613 505.18129839888275
1080 89.85820259896548 30.684230038905376 504.91998648180584
1081 87.5825651811906 30.15314665932151 504.9181715565526
1082 85.29714058850236 29.78227961919608 504.86375267730256
1083 82.71791433082693 29.079254313868862 504.998030093341
1084 80.97929838039133 28.108691706764105 506.3298245418943
1085 79.2270952793579 27.133081874801405 507.64030152083564
1086 77.75349131444229 25.803950113684987 508.69597056348226
1087 76.27092599887439 24.470095657828786 509.7369364296359
1088 74.78149876215102 23.474079671088223 510.77593964848063
1089 73.8831899452008 22.80618316650279 511.3894169382468
1090 73.82863069384798 22.196614800380765 513.301036778325
1091 73.7751318401982 21.927782159360977 515.2366110188577
1092 73.77128692584907 21.237642418330818 515.2109611851004
1093 74.32374641452544 21.300488064014168 516.7454330411706
1094 74.6237150371089 20.94938654504442 516.5190537105278
1095 76.03776813598962 20.887740861972134 519.3668429628942
1096 77.47053286778836 20.657679883743597 522.2625205445214
1097 78.91927016139437 20.424952100336476 525.1900449009283
1098 80.38424492395582 20.18951318908078 528.1499439191027
1099 80.96670153966733 19.54097691473024 529.7366790687736
1100 82.14854513778653 19.303248643034472 532.9787392834546
1101 83.342815464065 18.703409334765663 536.2474999726048
1102 83.9476224930094 18.76103860970802 537.9103374831808
1103 83.342815464065 18.703409334765663 536.2474999726048
1104 80.65001842967845 17.77118511379357 529.8996203941163
1105 66.41488775844905 16.182511701292754 492.6526702523691
1106 65.9124875135393 15.979053834956503 491.2693881796221
1107 65.41092475119102 15.934247328037408 489.88218120730824
1108 65.41092475119102 15.934247328037408 489.88218120730824
1109 65.40750821402771 15.763663492347511 489.860064583287
1110 68.75667791781628 16.203381681189914 498.1240346301496
1111 72.57546859603005 16.774594331552173 504.5962329570896
1112 71.98689054188968 17.120629975826883 505.0256660298953
1113 73.80852257769014 17.906359654887297 513.1641652165583
1114 73.75615344403192 18.477808511826456 515.1098164809996
1115 74.56034308632152 19.1053862900822 518.3983997901468
1177 70.82675011292947 19.785743700367952 548.5257846656763
1178 70.82675011292947 19.785743700367952 548.5257846656763
1179 70.01429245964938 19.84881346583004 544.9339139142394
1180 70.59250024238375 19.735747879522354 546.6777390500487
1181 70.34487542782648 19.671414883512913 544.7596131108204
1182 69.85441702603808 19.543993649116274 540.9604738386262
1183 70.17676176699433 19.541074280536566 540.7583641626101
1184 69.93274653029988 19.477980420897058 538.8775832380161
1185 69.93274653029988 19.477980420897058 538.8775832380161
1186 69.69029517912175 19.41529092619904 537.0088559410697
1187 70.95709447946585 26.270625054371713 539.168821664843
1188 71.27710161658814 26.264975631822384 538.9630888867943
1189 71.34797441506471 26.172899661699436 536.8844478459715
1190 71.6580694864024 25.6221916043601 536.6256652670746
1191 71.65232519642174 25.435720538372497 536.5895320324315
1192 71.09073378676963 25.18644604040253 534.9576190102036
1193 70.45572504982722 25.197317256827457 535.3678675775201
1194 69.49503583504516 25.027380646146078 535.9423580639964
1195 67.66529543064155 24.800018796341913 535.1129329323398
1196 66.47579110954224 24.734232214968166 533.8622489259728
1197 65.29472852278315 24.49791364340316 532.63465048833
1198 64.11358419227898 24.078604350836656 531.3745369843468
1199 63.78741658894477 23.544966525724398 531.5161782673276
1200 63.14899880750158 23.028753563187536 531.8995033604033
1201 62.295291297825315 22.96308059072529 530.4632067545353
1202 61.44906513332833 22.72806936020735 529.05301094027
1203 60.28363555845111 22.31589144681655 527.7988656535205
1204 59.63696518678622 21.438004776075328 528.1013067676166
1205 58.79330504684193 20.325247680595854 526.6393505384748
1206 58.152814048317914 19.981118252959423 526.982643080373
1207 57.5127400964866 19.987439158506724 527.3369370309715
1208 56.04183116983469 20.286602069231673 526.2787456698468
1209 54.94101088378899 20.884264559139737 528.7362104516212
1210 53.00460226221947 21.436191645609984 529.7924296144338
1211 51.223366037594126 22.0462655489713 532.5613869355013
1212 49.25475434386071 22.942386578381228 533.53112771576
1213 47.28207012721184 23.85091721953608 534.5244499672675
1214 46.118306630140665 24.83315901804209 536.9950601917387
1215 44.938370059260755 25.637952207721977 539.4333269898186
1216 43.59730599512378 26.0064252566382 540.0322563299619
1217 42.87654656500867 26.181324303447667 544.125820242725
1218 41.85914179113216 26.549081863891494 544.5642459361763
1219 40.97690535317461 26.641884835857287 546.830551419501
1220 39.94823335799217 26.824324705863912 547.2197347677737
1221 38.924099865579315 27.379203480149805 547.6727826730219
1222 38.368156398025164 27.83483152999254 549.8130271391029
1223 37.675785426363916 28.015394219036963 550.0527863944468
1224 37.45740647098727 28.107986682840806 552.055032639877
1225 36.76138830754528 28.289083332770556 552.2899889862579
1226 35.944465613977556 28.202292180853576 550.6716053759972
1227 35.71993167628981 28.65975260638309 552.68340098664
1228 35.02389646956734 28.663734805072043 552.9324500380932
1229 34.67262442499524 28.478152530931435 553.0200646166606
1230 33.97256548081743 28.294446975952535 553.2293178991514
1231 33.62366384969745 28.29625934868142 553.3502947945168
1232 33.38775176123207 28.389407995393892 555.3535538954468
1233 32.57574248818528 28.301453294613783 553.7084317353942
1234 32.22603494219291 28.303103544314038 553.8262114235133
1235 31.876129719057452 28.30471325798076 553.9431907942719
1236 31.984447880294884 28.39601385168604 555.8258394178101
1237 31.63312730358685 28.397563329548106 555.9418965971986
1238 31.174938986823555 27.94291315627167 554.1616193380744
1239 31.280019079223347 27.666908391799442 556.0307691328873
1240 31.281789365804563 27.48873956362384 556.0518519450388
1241 31.27843244676579 26.934816709175383 556.0044709202679
1242 30.821338744458057 26.484825132426458 554.2239374729677
1243 30.925199666444435 26.20406972063104 556.092759910188
1244 30.92442109703452 25.838053913912823 556.0796908872456
1245 31.02815297296984 25.1870922599665 557.9470842712221
1246 30.5695241638191 24.375243153166142 556.1413630300254
1247 31.0265843985404 23.53951403637324 557.9131543140371
1248 31.02421118956883 22.43823860336928 557.8734098465223
1249 30.91519815822328 21.447239488393798 555.9244116967545
1250 31.37383137304192 20.96935897763778 557.7062015315175
1251 30.915042177512237 20.537112601602633 555.9148624047386
1252 31.01950622695129 20.236168833475013 557.7944571173742
1253 30.562555627746047 20.172027274986807 556.0156658734918
1254 30.210654981226952 20.17268195582697 556.1286975416181
1255 29.958816136740882 20.4173866552275 558.117255729379
1256 30.06101127095535 20.483183050627407 560.0212894247295
1257 29.606622698452725 20.238665593413558 558.2443751215997
1258 29.252933282946877 20.23921696881332 558.3548218304619
1259 29.351372529504214 20.484354018764616 560.2426867125683
1260 28.998286173355616 20.67323154538999 560.381219645142
1261 28.190201686809605 20.78737030854353 558.6782383760751
1262 27.931261121184015 21.22320809504495 560.7013469329185
1263 27.576697144768247 21.043556670993432 560.8239479630544
1264 27.576003160656562 20.675071402325365 560.810831220126
1265 27.217417829638833 20.11869617617571 560.8744028772265
1266 27.216095134643428 19.381825193968037 560.8488493394223
1267 27.570728437628528 18.644762048710923 560.7179589910232
1268 27.570498495957608 17.72781923847516 560.7065654720654
1269 28.27975823922447 16.62262836259808 560.4544300425806
1270 28.63133564547354 15.330034734776705 560.2827931981551
1271 29.33868560204157 13.857672563292846 560.014229713448
1272 30.149539226094216 12.613833792826588 561.6800144419132
1273 30.963482901073153 11.173463639206792 563.3309908618016
1274 31.782200951701387 9.724292590644309 564.9911709164278
1275 32.24819444877734 8.63827313293951 566.789144106588
1276 32.49257272870522 7.315898389797537 564.6905800033616
1277 32.7328492914698 5.995367992319916 562.5776716025215
1278 32.97255615317836 4.871838976332327 560.4961451697745
1279 33.56268371774174 3.756785419084588 558.3068515950362
1280 33.79776214510302 3.0146115655461556 556.2599715788301
1281 34.38020219184179 2.2783699844505834 554.1022967311267
1282 34.60998173093021 1.546323313028056 552.0771119313656
1283 35.303227123011 0.9995808593650435 551.8029621178537
1284 35.99690575436264 0.46066934579503954 551.5413569485232
1285 36.68943034550578 0.09976733903283416 551.2747165046511
1286 36.9087067650781 -0.6218322021413117 549.2561126832716
1287 37.597454061958906 -0.9811284471498519 548.984801863153
1288 38.28528496956055 -1.3402282256748563 548.7103702659799
1289 38.97218781787433 -1.6991254258030752 548.4328231269013
1290 39.65815097187086 -2.0578139440446677 548.1521657893659
1291 39.73047380207105 -2.399672053918746 544.3076880024887
1292 40.750229310590626 -2.754162043328141 543.8846999700262
1293 41.28902122949546 -3.0986063786590754 541.7640362505215
1294 41.823023795583225 -3.4405836044586766 539.6520496761088
1295 42.83064942486867 -3.791834499803138 539.2135727537976
1296 43.98495783981747 -3.974485974999159 540.5972408104002
1297 44.50565418665279 -4.1392156180194 538.4752354819695
1298 45.355350001078136 -4.119422822078009 536.2228849551984
1299 46.84032896767262 -4.48219749900472 537.4145504408301
1300 47.83735455970224 -4.649657965420781 536.9518478957716
1301 48.3365909936468 -4.811152688965562 534.8257045180379
1302 49.326210649357 -4.805307327495527 534.3540755192198
1303 50.313383790228436 -4.799403006251082 533.875821060499
1304 51.29910407989362 -4.611991203388601 533.4003932114547
1305 52.280244949517495 -4.78741845969483 532.8995173877603
1306 53.44126371303613 -4.616137556753506 534.2135965907585
1307 53.91258728012121 -4.59592033333104 532.0753238538131
1308 54.88788605810508 -4.589791700528414 531.5664345437057
1309 55.86053458483766 -4.583607801789595 531.0510409120626
1310 56.317070670291926 -4.392985714892622 528.9166041021483
1311 57.799006963203496 -4.219139809665743 530.0121364746144
1312 59.40499281875399 -4.038396551841457 529.1185352038237
1313 60.79836980626692 -3.66404588812901 526.4325726590819
1314 63.44499546326793 -3.3247941468243267 528.7136686416144
1315 65.88646102022444 -2.9711003573189414 529.1817873917212
1316 68.32842113998935 -2.6161203916203735 529.6210102410752
1317 70.52771613556924 -2.2512716684859777 528.2131252159868
1318 73.26958669049402 -2.246042365250684 528.3634460222687
1319 75.3899104080131 -1.890923088517915 528.9172466001396
1320 77.5119586480719 -1.7052027329632413 529.4521185179872
1321 79.60198887561202 -1.5393174675889405 532.029417248531
1322 80.52867866838683 -1.1791862930100094 531.3622523477811
1323 82.04457620054639 -0.8222613453281448 532.3175001164761
1324 82.96628863504598 -0.46229571714378515 531.634119159344
1325 84.48493398054077 -0.10337880337644159 532.5751035290016
1326 86.00774392841267 0.25706408000197456 533.5118374441157
1327 87.84530447506118 0.6199076363365699 536.3408222191903
1328 88.75965894404867 0.6227328679830452 535.6062251553734
1329 90.31078372141283 0.6273676417279644 538.6867989290254
1330 91.55291965251392 0.9930383502661665 539.8748023370714
1331 92.46467934168024 1.16922267342414 539.1116880206741
1332 94.35299123639878 1.5413629910548503 541.9819607590771
1333 95.56730094816689 1.9067923197890493 540.9533432174169
1334 97.42789885317079 2.6418188599069916 541.6139491360537
1335 99.64842162994633 3.1996334386870813 544.2188991487984
1336 100.85247975257735 3.9294347786704273 543.1537338384638
1337 102.71958003888183 4.671465767795207 543.7797317471985
1338 103.99473273882823 5.417764818478459 544.9566234349675
1339 104.59075662927187 5.782081620161279 544.4056279617918
1340 104.88932340500024 6.147105343261154 544.1356163126954
1341 105.48247375280123 6.5103960255008895 543.5807245051932
1342 106.07192348755794 7.0479985198183925 543.016070831886
1343 106.36804313842099 7.411768224530376 542.7425970032208
1344 106.65935700606022 7.584615212025462 542.448446148705
1345 106.6636927349701 7.775251244035554 542.4685146043772
1346 106.95444328023561 7.94784270189457 542.1734141182667
1347 106.56847441578192 8.111069898671333 540.2148053774495
1348 106.56910006793665 8.649010242886348 540.2195335921687
1349 106.86267821939862 9.010414285513445 539.9450030350063
1350 106.768435103584 9.702345146480562 537.7187650887155
1351 106.28626712321437 10.525735338713972 533.5613204038249
1352 106.19602212978246 11.5624746858812 531.3897813098193
1353 106.48862442075726 12.633817079582604 531.1417131065094
1354 106.3970625037037 13.658209229726525 528.9851351150841
1355 106.96499901789598 14.532501467605083 528.4268258033362
1356 106.21113640566342 15.85238644462872 524.7014109374478
1357 107.54108219438497 16.831321838682936 527.9145421474661
1358 108.21636080324171 17.597842599499334 529.5550183201981
1359 109.17722055327557 18.89165483055564 530.9125133841002
1360 110.14526941013541 20.551958534761468 532.2876484141943
1361 110.0409325121401 22.265411910272906 530.1324324779911
1362 109.6507570740693 23.787438471893147 528.2539749783763
1363 108.98849736839193 25.140006857718724 526.6963161180752
1364 108.99387787608083 25.8523930375586 526.7217574526602
1365 109.00203827373267 26.92111780432821 526.7603011974979
1366 109.00536473475904 28.15870887296198 526.7781969436923
1367 107.67936159564478 29.05183314176353 523.6281263644531
1368 107.40907372811573 30.126339627591708 523.9535468604248
1369 107.13299649706674 31.36950890197322 524.2556306793052
1370 106.20738351446829 32.181451786803436 523.0182706407713
1371 105.27251985700858 32.96982736442284 521.7258672184357
1372 105.00110950364841 34.04166208700756 522.0458288927281
1373 104.72654972014593 34.76123916552864 522.3524511308548
1374 103.5210591428294 35.3887151609769 521.3626309729877
1375 102.60037090495437 35.99966397907518 520.0984470148858
1376 101.41184850610888 36.80668898000345 519.152645960949
1377 99.94564809669507 37.624088545037196 518.4781128905572
1378 98.75583333053173 38.239206220008256 517.4909717458016
1379 97.56723188825072 38.5024611099712 516.4905940336517
1380 96.71934530909164 38.89328858082868 517.2920019171665
1381 95.52741928933413 39.31845061669795 516.2551863323661
1382 94.683119948133 39.89349473943411 517.0855495132082
1383 93.21382258718707 40.165116544219245 516.3241541340582
1384 91.74751659024707 40.43513260632215 515.5575352597621
1385 90.2817824418293 40.35641319344289 514.7722210967954
1386 88.53261794121686 40.6371530053327 514.2391453400414
1387 86.49664370320636 41.275240557253774 513.946610824409
1388 84.16487541278603 41.57726810070172 513.8544992375918
1389 82.10896785647978 42.01275961195664 515.489292253048
1390 72.30656860365976 42.666608027565154 496.1077439557829
1391 69.74610087663137 43.27588451232528 496.0813778174125
1392 67.71195678632442 43.70773236796688 497.5586103445002
1393 69.8750832595502 48.25889633295179 528.394519489779
1394 68.30322656713919 48.31669291276731 529.3986682927217
1395 67.03949998998311 48.36175657775207 530.189432016019
1396 65.77739094019556 48.59254179038003 531.0178576907806
1397 63.6509406355989 48.33072700171484 530.3877709852729
1398 62.59794220299816 48.548110428042875 533.0380806818206
1399 61.30800430469626 48.232006865636386 533.7631602588953
1400 60.34537207087342 48.4483732131503 534.3607047129535
1401 59.372975452350275 48.476874464109756 534.9012582549403
1402 58.72815157360788 48.32624902698105 535.2941129877212
1403 57.94677177979567 48.15309765590915 537.6413424072886
1404 56.774340596295836 47.853404182312175 536.3679774784703
1405 55.796529709005306 47.70928157126371 536.9204774638991
1406 55.13517040520047 47.895967917960554 537.2250956201103
1407 54.99829784589862 47.8896449387209 539.2655954046239
1408 54.331304512645524 47.717721271753724 539.5511447465508
1409 53.674140127430164 47.56288174658136 539.9208205389991
1410 53.00956726786498 47.2192950532388 540.2364660872001
1411 51.83920074320186 46.5601678124588 538.9101458178417
1412 51.348513166314774 46.366517343493385 541.0555223685684
1413 50.685949816609366 46.20927137980411 541.4111072511855
1414 50.522451343502155 46.00574864026976 543.4046310308122
1415 49.85580232253711 45.84709093302304 543.7560688692932
1416 49.18218661715176 45.499138711695515 544.0534759249595
1417 48.6734813174118 45.297917073129405 546.210564089161
1418 47.49589123636566 45.169364755468536 544.8073114817407
1419 46.639236509728406 44.971781950143715 547.1076454640487
1420 45.12346969450983 44.487016064503045 545.8215413148882
1421 44.257003684947136 44.11107439986735 548.1405514714354
1422 42.73771973389132 43.438085647113745 546.7833115646963
1423 41.85289231349737 42.866942445357395 549.0372562193246
1424 40.336111764000485 42.195953128782925 547.6608556462428
1425 39.91526103717278 41.924856159662845 551.608692857056
1426 38.74349005264055 41.07423363072495 550.1044081426442
1427 38.17760777505629 40.661381363905306 552.1823771980268
1428 37.481959536124336 39.93910106105031 552.4136550789656
1429 37.132823254969416 39.21292795390928 552.5141849486228
1430 37.131809140300625 38.84809589028079 552.5002124774861
1431 37.12978685387472 38.118490478407516 552.4723340873177
1432 37.12512116009649 37.56512069641667 552.4163790492852
1433 37.60169924790675 37.141328636696215 554.1876392758359
1434 37.81854350956743 36.288492612246394 552.1448728164153
1435 38.6419411369726 36.034231544923934 553.7551676116876
1436 38.854403209916946 35.18528239295727 551.7101785510428
1437 40.03195891612925 34.571062145741344 553.2345590813986
1438 40.5796345443135 33.53583407914195 551.0092685101714
1439 42.09597529135032 32.17111861576729 552.2864824899401
1440 43.323492547225726 30.42297735034854 549.8052710113768
1441 45.52529745354952 28.679856850278103 550.7478207395642
1442 47.905823826660416 26.64905916142141 549.5897909016284
1443 49.93907311076842 25.175514188440985 548.6020151044603
1444 52.2929809803028 23.68912476659247 547.3725078431936
1445 55.50285328803215 22.470602182180947 547.7396128779354
1446 58.167549984798356 21.706180777336915 546.2771250342828
1447 60.82588710366421 22.76487572623414 544.8795974940028
1448 63.68704646054211 24.259426771934965 545.3414513082125
1449 65.88907912545369 25.94214065960994 546.1318374080845
1450 67.20792480736557 26.836926863277707 545.4118336874313
1451 68.75368416673004 26.90449009524877 546.5318442417436
1452 69.96931548767925 26.05767047162763 547.7898502293842
1453 71.19175006615735 24.664281691566703 549.058307401031
1454 72.42061412684353 22.72011505114932 550.3344239221572
1455 73.65536516713176 21.67861557502749 551.6211768698257
1456 74.56823153897217 20.636001021198382 553.1243961168211
1457 75.78560309905752 18.96590340178776 556.795983646676
1458 75.18282988692373 19.083928897212395 554.998831768545
1459 74.26164150077538 19.39635943388753 553.4596419242089
1460 74.52988698706305 19.83218666553569 555.4580788013664
1461 73.93799479062692 20.13856295134118 553.703208778963
1462 74.26284850213787 20.312212119202314 553.4725502513348
1522 74.74920389467512 26.27606167042954 562.4184119965105
1523 75.624987802265 26.632923881158263 566.2729791792647
1524 76.51274401081798 26.994668454388968 570.179683618419
1525 77.12576778673552 26.88477327631504 572.0124018795881
1526 77.13305065847292 27.08301665690554 572.0570709462876
1527 76.51543503770647 27.374793170996707 570.1984227618652
1528 76.79926662891694 27.85163459043283 572.3124912559199
1529 76.18247737058265 28.141013542357385 570.4523012027477
1530 75.84641486202783 28.527262983831143 570.6866136677089
1531 75.24195466134351 29.010946550272543 568.8835665164451
1532 64.99735228413675 30.440635644060258 538.7382325398919
1533 64.12916255757963 30.7112090133092 537.2768449798068
1534 62.732185711844984 31.070639945138538 534.2120257831631
1535 61.872232779084264 31.152392047800014 532.7373849926878
1536 60.493238955101276 30.969638158613858 529.6740713257983
1537 59.653067616608936 30.713030855285865 528.2687249711319
1538 58.81103961968235 29.924457735725397 526.821686316632
1539 57.40522605190021 28.711345173546587 520.2116285482065
1540 57.5970831700884 27.93984173815126 521.9455301398928
1541 57.081892674286905 26.983460603437614 520.3219961202633
1542 56.761444692848336 25.948399882765184 520.4583908313327
1543 55.758268137891676 24.429693531524855 517.3594034557523
1544 55.61763892920349 22.948769143875268 519.1670511568058
1545 54.800182312201166 21.340088008028786 517.7582079248838
1546 53.984666273114016 19.90611894587622 516.3391834303773
1547 53.66626752887024 18.368893488536784 516.4725244967124
1548 53.83810330617509 17.04747159137622 518.1296605012853
1549 53.83387292346649 16.013785328237958 518.0913446782223
1550 53.8265135334575 14.802380685351977 518.0284275438441
1551 53.8224569965788 13.769091207866248 517.9914483660767
1552 53.81558600882638 12.558273437424544 517.9321203528989
1553 53.812993777183344 11.869647983934266 517.9083291998539
1554 54.12746373367167 11.524043903649309 517.726873479994
1555 54.124877467432206 10.835657906840606 517.7032496992947
1556 54.12230615154021 10.147335820179716 517.6797415720584
1557 54.43517160267554 9.458177272981647 517.486047055226
1558 54.43261434140601 8.770125460899058 517.4627662274315
1559 54.928058868531124 8.451074248163641 518.9962063237145
1560 55.24136679480165 7.760512392061487 518.8009986120951
1561 55.057418514722436 7.39324212702804 517.0738801414379
1562 55.55436388541842 7.070294820299949 518.6052164376891
1563 56.05296996974068 6.399627929932576 520.1341190949958
1564 55.86576508488092 6.035727945940603 518.3973980627732
1565 56.36640657212197 5.70790719808104 519.9367584151042
1566 56.17813831699673 5.34631093175757 518.2005326107683
1567 56.49148209080764 5.001731552128832 518.01444727288
1568 56.99363056777649 4.671019643710861 519.5517087157448
1569 57.308218688336176 4.158319038584822 519.3686293316255
1570 57.30612129411224 3.9802559715723316 519.3525803262963
1571 57.619592462756295 3.6351494967167857 519.1641813828059
1572 57.93274847459337 3.2902059426121752 518.975128811076
1573 57.932119215524274 2.7777683473777888 518.967585600903
1574 58.43883991570486 2.607477778663369 520.507091781224
1575 58.24298491090678 2.2552121200088737 518.7629880239497
1576 58.751119262463824 1.9157404410362169 520.3051250679802
1577 58.5560761624312 1.7436682555118692 518.5756872762496
1578 59.06438640646312 1.5703767712049708 520.1137748057083
1579 59.06493222306054 1.402762335936527 520.116541444432
1580 58.866397503727036 1.2216222085861441 518.3706417016627
1581 59.3773331036458 1.2251824045519675 519.921772155671
1582 59.37784697780138 1.057627378053323 519.9242965376856
1583 59.89185464554071 1.0607060827505983 521.4847562630291
1584 59.689958259251455 0.8801586680765926 519.7291184701819
1585 60.20471384776966 0.8827092572329677 521.2884552437312
1586 60.20471384776966 0.8827092572329677 521.2884552437312
1587 60.205200224916005 0.7147116460044515 521.2907543168894
1588 60.51959354748754 0.7156594130020276 521.1075265539375
1589 60.51959354748754 0.7156594130020276 521.1075265539375
1590 60.51959354748754 0.7156594130020276 521.1075265539375
1591 60.51959354748754 0.7156594130020276 521.1075265539375
1592 61.03822154953613 0.7177219673346998 522.6752147115634
1593 60.83367081589205 0.7166059950248234 520.9236129163635
1594 60.83367081589205 0.7166059950248234 520.9236129163635
1595 60.83367081589205 0.7166059950248234 520.9236129163635
1596 61.35306603547086 0.7186707000601398 522.4902464733165
1597 61.35306603547086 0.7186707000601398 522.4902464733165
1598 61.35306603547086 0.7186707000601398 522.4902464733165
1599 61.14693555596359 0.8853711440269232 520.736699142226
1600 60.631756233183964 1.0610881951068565 519.194184593514
1601 60.631229912083995 1.22840784830076 519.1916387453855
1602 60.63313730374597 1.4066944889833655 519.2056039172771
1603 60.6339246669514 1.9196373542779008 519.2140132260349
1604 60.63663715403573 2.6109260540409087 519.2365127354129
1605 60.12665283551332 3.637232857293506 517.7230366596103
1606 59.195563252904186 5.361266711201294 518.3254932568718
1607 58.2908500298429 7.7306871861563895 528.2690263145806
1608 52.47390752255728 9.337086181445288 511.36930751764396
1609 52.47978922523785 10.532501124561561 511.4216705587365
1610 52.487259346367914 12.068342512446751 511.48809873751696
1611 52.49356875551497 13.76922427520569 511.54658449647064
1612 52.19055011109952 15.648446449186055 511.7967122277373
1613 51.891053084709625 17.705182248933028 512.0770695068798
1614 62.3385649615045 24.03840025978376 545.8706989303123
1615 62.01062921040141 27.472822243089905 546.0873010396797
1616 62.013435242986546 30.36465079133566 546.1188060257064
1617 57.70977002567042 33.669834563872556 511.0564009161741
1618 57.91209506586773 36.51232529301584 512.8427230926926
1619 57.920359412822464 39.41378484607712 512.9171456800691
1620 58.43705796594711 42.620606399929926 514.5519007066024
1621 58.44975157735389 45.369313772423816 514.6572008926973
1622 72.67122405433969 44.86998101735297 557.2218020138168
1623 89.67864063123399 26.8261097707334 547.6546244260167
1624 60.03286098556218 54.469298167730344 519.7123524692146
1625 61.38050707450052 55.646663225290844 522.6460598691301
1626 61.99803101867338 55.950925792898445 522.196448066999
1627 84.04178240626295 43.25978831043794 589.870184867866
1628 57.99639380793987 57.09849052823248 507.8356726226493
1629 59.696385274405415 59.318622645552665 514.033231069551
1630 61.24479773223031 61.07142724997053 518.7274059154495
1631 61.98319507924917 62.68278180519749 522.1231985909361
1632 62.19527008852792 63.58513181107289 523.9088474192464
1633 62.42337788583754 64.51675890186792 525.8098968345615
1634 62.63839002878536 65.4312764448856 527.6199869349734
1635 62.85655096159589 66.70581350770887 529.4557804625593
1636 63.074336759937474 67.63361526712004 531.2892065821528
1637 63.07613400378437 67.98885227803781 531.3035186482123
1638 63.077935832791525 68.3441119776879 531.3178627719192
1639 63.079742246986875 68.69939442866347 531.3322389541655
1640 62.54817781402344 68.84533508261556 529.7270285674258
1641 62.763109188253644 69.42512000639842 531.5470928296513
1642 62.76491674740214 69.78054932250106 531.5615433810159
1643 62.75782034527895 69.9455330355254 531.5119082272263
1644 62.97405042628938 70.53077142259062 533.343052994896
1645 62.975836166927024 70.88735341945738 533.3573696067657
1646 62.98487520617331 71.07861282876299 533.422443245588
1647 62.98487520617331 71.07861282876299 533.422443245588
1648 62.9776264579806 71.24395824899536 533.3717182030947
1649 62.98670799988871 71.43530324086183 533.437085179082
1650 62.97942129947411 71.60058597363899 533.3860987847381
1651 62.98854534519607 71.79201694557783 533.4517591119799
1652 62.98122069142969 71.95723665582264 533.4005113525411
1653 62.98302463386801 72.31391035798099 533.414955907342
1654 62.99223369064915 72.50551448266772 533.4812029792813
1655 62.984833126808326 72.67060714254885 533.4294324499707
1656 63.20250781039249 73.2668615753185 535.2728015698592
1657 63.745325072494545 73.85102777533443 536.9410465468447
1658 63.75480715490013 74.04414131425081 537.0089781151293
1659 63.747174142498984 74.21007656734326 536.9557688059156
1660 63.74902781372549 74.56914891924424 536.9705233009295
1661 63.97843213246897 75.00922662520442 538.8914663326859
1662 63.970679628979035 75.17558281251186 538.8373927460458
1663 63.7604976776077 75.12162787075096 537.0541326257397
1664 63.75274895990767 75.28736455437597 537.0001290020597
1665 63.97442424769137 75.89622935859705 538.8671914981886
1666 64.30886231982164 76.07391122677004 538.7491568911915
1667 64.30095600964447 76.2400030719207 538.6942828239511
1668 64.30285315993979 76.60030783109909 538.709287308301
1669 64.30285315993979 76.60030783109909 538.709287308301
1670 64.52714506315075 77.2155324538304 540.588192655851
1671 64.52714506315075 77.2155324538304 540.588192655851
1672 64.52905879119334 77.5770851340753 540.6033272507767
1673 64.52905879119334 77.5770851340753 540.6033272507767
1674 63.98386641635109 77.69826510964579 538.942253628673
1675 63.98386641635109 77.69826510964579 538.942253628673
1676 63.98386641635109 77.69826510964579 538.942253628673
1677 63.98576867105408 78.05874465877737 538.9573629610912
1678 63.98576867105408 78.05874465877737 538.9573629610912
1679 64.20702500078035 78.31726081658474 540.821804294292
1680 63.977747123259576 78.2245536586642 538.9012875165716
1681 64.20893910246461 78.67896470524583 540.8370112102712
1682 64.20893910246461 78.67896470524583 540.8370112102712
1683 64.20893910246461 78.67896470524583 540.8370112102712
1684 64.20893910246461 78.67896470524583 540.8370112102712
1685 64.20083426098188 78.84525651196047 540.7803170329369
1686 64.21085781686735 79.04069302881474 540.8522504912271
1687 63.98958700147848 78.77977666016747 538.9876785383886
1688 64.52857767662168 79.18969819275863 540.6072275416308
1689 64.52857767662168 79.18969819275863 540.6072275416308
1690 64.52857767662168 79.18969819275863 540.6072275416308
1691 64.53869722334831 79.38521428602228 540.6794876095323
1692 64.31626332643644 79.12311894212408 538.8152267431728
1693 64.31626332643644 79.12311894212408 538.8152267431728
1694 64.31626332643644 79.12311894212408 538.8152267431728
1695 64.86428303088591 79.36787292228016 540.4907172574202
1696 64.63057501310335 78.91094743589024 538.5549717553139
1697 64.63057501310335 78.91094743589024 538.5549717553139
1698 64.95462349735719 78.89353511226187 538.3658278433984
1699 64.73136197524079 78.6337939008454 536.5145934862733
1700 65.0438884732857 78.42228301651978 536.2543050917028
1701 64.5076160810395 78.017851321994 534.660228781635
1702 64.49771661444773 77.82455301105395 534.5901496500951
1703 64.28528984660136 77.40591581142192 532.8176362686219
1704 64.27548433924886 77.21334360515259 532.7482535085915
1705 64.2834076248507 77.04929364514845 532.8029077827758
1706 64.05465740438244 76.6060977243005 530.9180111081834
1707 64.05465740438244 76.6060977243005 530.9180111081834
1708 64.05465740438244 76.6060977243005 530.9180111081834
1709 64.05465740438244 76.6060977243005 530.9180111081834
1710 64.05465740438244 76.6060977243005 530.9180111081834
1711 64.27364552056895 76.85681298934709 532.733819019471
1712 64.05465740438244 76.6060977243005 530.9180111081834
1713 64.06249928385861 76.44252004234136 530.9720704225175
1714 64.60178211883131 76.67556241515719 532.5994128980428
1715 65.14247451859924 76.55244603941891 534.2219868691395
1716 64.91791091732362 75.94551812723131 532.3805113595056
1717 64.91413667087735 75.23280575129913 532.3512517981575
1718 64.68728609401083 73.92196549150306 530.4926829351558
1719 64.45442285318396 72.78340765908948 528.5950198295536
1720 63.90357497873214 70.96387982096121 526.8731060723153
1721 63.365386970309174 69.34470817010822 525.2267908755998
1722 61.56013463142756 66.3993570987001 518.5879799768007
1723 60.5266542040633 63.43314605424886 515.4688837151301
1724 59.79862838052851 59.78250142009793 512.088907650416
1725 60.08553242404072 55.82406855849644 511.7346779006133
1726 55.851767062055956 46.10774964473584 497.3221378012858
1727 59.78565486993331 44.668752650135595 506.37918740606887
1728 59.37567561151125 39.01263036748348 502.9110641175625
1729 59.67283676916415 34.491919127543134 502.6746780006011
1730 60.662496521391795 31.490130487673312 505.5254739670806
1731 62.68756294606407 30.150758884812973 511.42555608940404
1732 63.4080265230843 28.960347607584282 514.601269371198
1733 64.57427535249923 28.114033073926624 521.3388590528086
1734 66.85718458553481 28.290849399614594 531.4815918466426
1735 67.32816956151906 27.962124681828634 535.2126842492376
1736 68.11927703412 28.499810133385218 538.7434603755539
1737 68.67917189656933 28.587957722736352 540.4194187231261
1738 69.2459717795463 28.503063397062235 542.1276406983759
1739 70.05291626710745 27.595568990957585 545.6959100333935
1740 70.62224896587587 26.046691059433606 547.3824291479489
1741 70.61322688557765 24.222162852667374 547.3150557701529
1742 71.18452860068892 23.200329964760105 549.0045633791657
