1 505 313
2 504 314
3 504 314
4 504 314
5 504 314
6 504 314
7 504 314
8 504 314
9 504 314
10 504 314
11 504 314
12 504 314
13 504 314
14 504 314
15 504 314
16 504 314
17 504 314
18 504 314
19 504 314
20 504 314
21 504 314
22 504 314
23 504 314
24 504 314
25 504 314
26 504 314
27 504 314
28 504 314
29 504 314
30 504 314
31 504 314
32 504 314
33 504 314
34 504 314
35 504 314
36 504 314
37 504 314
38 504 314
39 504 314
40 504 314
41 504 313
42 504 313
43 504 313
44 504 313
45 504 313
46 504 313
47 504 313
48 504 313
49 504 313
50 504 313
51 504 313
52 504 313
53 504 313
54 504 313
55 504 313
56 504 313
57 504 313
58 504 313
59 504 313
60 504 313
61 504 313
62 504 313
63 504 313
64 504 313
65 504 313
66 504 313
67 503 313
68 503 313
69 503 313
70 503 313
71 503 313
72 503 313
73 503 313
74 503 313
75 503 313
76 503 313
77 503 313
78 503 313
79 503 313
80 503 313
81 503 312
82 503 312
83 503 312
84 504 312
85 504 312
86 504 312
87 504 312
88 504 312
89 504 311
90 504 311
91 504 310
92 504 310
93 504 310
94 504 309
95 505 309
96 505 308
97 505 308
98 505 307
99 506 306
100 506 306
101 506 305
102 506 304
103 507 303
104 507 303
105 507 302
106 507 301
107 508 300
108 508 299
109 508 299
110 508 298
111 508 298
112 509 297
113 509 296
114 509 296
115 509 295
116 509 295
117 509 295
118 509 294
119 509 294
120 509 293
121 510 293
122 510 293
123 509 293
124 509 292
125 509 292
126 509 292
127 509 291
128 509 291
129 509 291
130 509 291
131 509 291
132 509 291
133 509 291
134 509 291
135 509 291
136 509 291
137 509 291
138 509 291
139 509 291
140 508 291
141 508 291
142 508 291
143 508 291
144 508 291
145 508 291
146 508 291
147 508 291
148 508 291
149 507 291
150 507 291
151 507 291
152 507 291
153 507 292
154 507 292
155 507 292
156 507 292
157 507 292
158 506 292
159 506 292
160 506 292
161 506 292
162 506 292
163 506 292
164 506 292
165 506 292
166 506 292
167 506 292
168 506 293
169 506 293
170 506 293
171 506 293
172 506 293
173 506 293
174 506 293
175 506 293
176 506 293
177 506 293
178 506 293
179 507 293
180 507 293
181 507 293
182 507 293
183 507 293
184 507 293
185 507 293
186 507 293
187 507 293
188 507 294
189 507 294
190 507 294
191 507 294
192 507 294
193 507 294
194 507 294
195 507 294
196 507 294
197 507 294
198 507 294
199 507 294
200 507 294
201 507 294
202 507 294
203 507 294
204 507 294
205 507 294
206 507 295
207 507 295
208 507 295
209 507 295
210 507 295
211 507 295
212 507 295
213 507 295
214 508 295
215 508 295
216 508 295
217 508 295
218 508 295
219 508 295
220 508 295
221 508 295
222 508 295
223 508 295
224 508 295
225 508 295
226 508 295
227 508 295
228 508 295
229 508 295
230 508 295
231 508 295
232 508 295
233 508 295
234 508 295
235 508 295
236 508 295
237 509 295
238 509 295
239 509 295
240 509 295
241 509 294
242 509 294
243 509 294
244 509 294
245 509 294
246 510 294
247 510 294
248 510 294
249 510 294
250 510 293
251 510 293
252 510 293
253 511 293
254 511 293
255 511 293
256 511 293
257 512 293
258 512 293
259 512 293
260 512 293
261 513 293
262 513 294
263 513 294
264 514 294
265 514 294
266 515 294
267 515 294
268 516 294
269 516 294
270 517 294
271 517 294
272 518 295
273 519 295
274 519 295
275 520 295
276 521 295
277 521 295
278 522 296
279 523 296
280 524 296
281 524 296
282 525 296
283 526 297
284 527 297
285 528 297
286 529 297
287 530 297
288 530 297
289 531 297
290 532 297
291 533 297
292 533 297
293 534 297
294 535 297
295 535 297
296 535 297
297 536 297
298 536 296
299 536 296
300 537 296
301 537 296
302 537 296
303 537 296
304 537 296
305 537 296
306 537 296
307 537 296
308 537 296
309 537 296
310 537 296
311 537 296
312 537 296
313 536 296
314 536 295
315 536 295
316 536 295
317 535 295
318 535 295
319 535 295
320 535 296
321 534 296
322 534 296
323 534 296
324 534 296
325 534 296
326 534 296
327 533 296
328 533 296
329 533 296
330 532 296
331 532 296
332 532 297
333 531 297
334 531 297
335 530 297
336 530 297
337 529 297
338 529 297
339 528 297
340 528 297
341 528 297
342 527 297
343 527 297
344 526 297
345 526 297
346 525 298
347 525 298
348 524 298
349 524 298
350 524 298
351 523 298
352 523 298
353 523 298
354 522 298
355 522 298
356 522 298
357 521 298
358 521 298
359 521 298
360 521 298
361 520 298
362 520 298
363 520 298
364 520 297
365 519 297
366 519 297
367 519 297
368 518 297
369 518 297
370 517 296
371 517 296
372 516 296
373 516 296
374 515 296
375 515 296
376 514 296
377 514 296
378 513 295
379 513 295
380 513 295
381 512 295
382 512 295
383 511 295
384 510 295
385 510 295
386 510 295
387 509 295
388 509 295
389 509 295
390 508 294
391 508 294
392 508 294
393 507 294
394 507 294
395 507 294
396 507 294
397 507 294
398 506 294
399 506 294
400 506 294
401 506 294
402 505 294
403 505 294
404 505 294
405 504 294
406 504 294
407 504 294
408 503 294
409 503 294
410 503 294
411 502 295
412 502 295
413 502 295
414 502 295
415 501 295
416 501 295
417 501 295
418 501 295
419 501 295
420 500 295
421 500 295
422 500 295
423 500 295
424 500 295
425 500 295
426 500 295
427 500 295
428 500 295
429 500 295
430 500 295
431 500 295
432 501 295
433 501 295
434 501 295
435 501 295
436 501 295
437 501 295
438 501 295
439 501 296
440 501 296
441 501 296
442 501 296
443 501 296
444 501 296
445 501 296
446 501 296
447 500 296
448 500 296
449 500 296
450 500 296
451 500 296
452 499 296
453 499 296
454 499 296
455 499 296
456 499 296
457 499 296
458 499 296
459 499 296
460 499 296
461 500 296
462 500 296
463 500 296
464 500 296
465 500 296
466 500 296
467 500 296
468 500 296
469 500 296
470 501 296
471 501 296
472 501 296
473 501 296
474 501 296
475 501 296
476 501 296
477 501 296
478 502 296
479 502 296
480 502 296
481 502 296
482 502 296
483 502 296
484 502 296
485 502 296
486 502 296
487 502 296
488 502 296
489 502 296
490 502 296
491 502 296
492 502 295
493 502 295
494 502 295
495 503 295
496 503 295
497 503 295
498 503 295
499 503 295
500 503 295
501 504 295
502 504 295
503 504 294
504 505 294
505 505 294
506 505 294
507 506 294
508 506 294
509 506 294
510 507 294
511 507 294
512 507 294
513 507 294
514 507 293
515 508 293
516 508 293
517 508 293
518 508 293
519 508 293
520 508 292
521 508 292
522 508 292
523 508 292
524 508 292
525 508 292
526 508 292
527 508 292
528 507 292
529 507 292
530 507 292
531 507 292
532 507 292
533 507 292
534 507 292
535 506 292
536 506 292
537 506 292
538 506 292
539 506 292
540 506 292
541 506 292
542 506 292
543 506 292
544 505 292
545 505 292
546 505 292
547 505 292
548 505 292
549 505 292
550 505 292
551 505 292
552 505 292
553 505 292
554 505 292
555 505 292
556 505 292
557 505 292
558 505 292
559 505 292
560 505 292
561 506 292
562 506 292
563 506 292
564 506 292
565 506 292
566 506 292
567 506 292
568 506 292
569 506 292
570 506 292
571 506 292
572 506 292
573 506 292
574 506 292
575 506 292
576 506 292
577 506 292
578 507 292
579 507 292
580 507 292
581 507 292
582 507 292
583 507 292
584 507 292
585 507 292
586 507 292
587 508 292
588 508 292
589 508 292
590 508 292
591 508 292
592 508 292
593 508 292
594 508 292
595 508 292
596 508 292
597 508 291
598 508 291
599 508 291
600 508 291
601 508 291
602 508 291
603 508 291
604 507 291
605 507 291
606 507 291
607 507 291
608 507 291
609 507 291
610 507 291
611 507 291
612 507 291
613 507 291
614 507 292
615 507 292
616 507 292
617 507 292
618 507 292
619 507 293
620 506 293
621 506 293
622 506 294
623 506 294
624 506 294
625 506 295
626 505 295
627 505 296
628 505 296
629 505 297
630 505 297
631 505 298
632 505 298
633 504 299
634 504 299
635 504 300
636 504 300
637 504 300
638 504 301
639 504 301
640 504 301
641 504 301
642 504 301
643 504 302
644 504 302
645 504 302
646 504 302
647 504 302
648 504 303
649 504 303
650 504 303
651 504 303
652 504 304
653 504 304
654 504 304
655 504 305
656 504 305
657 504 305
658 504 306
659 504 306
660 504 306
661 504 306
662 504 306
663 504 306
664 504 306
665 504 306
666 504 306
667 504 306
668 504 306
669 504 306
670 504 306
671 504 306
672 504 306
673 503 306
674 503 306
675 503 306
676 503 306
677 503 307
678 503 307
679 503 307
680 503 307
681 503 307
682 503 307
683 503 307
684 503 307
685 503 307
686 503 307
687 503 307
688 503 307
689 503 307
690 503 307
691 503 307
692 503 307
693 504 308
694 504 308
695 504 308
696 504 308
697 504 308
698 504 308
699 504 309
700 505 309
701 505 309
702 505 309
703 505 309
704 505 309
705 505 310
706 506 310
707 506 310
708 506 310
709 506 311
710 506 311
711 506 311
712 507 311
713 507 311
714 507 311
715 507 311
716 507 311
717 507 311
718 507 311
719 507 311
720 507 311
721 507 311
722 507 311
723 507 311
724 507 311
725 507 311
726 507 310
727 507 310
728 506 310
729 506 310
730 506 310
731 506 310
732 506 310
733 506 310
734 506 310
735 506 310
736 507 309
737 507 309
738 507 309
739 507 309
740 507 309
741 507 309
742 507 309
743 507 309
744 507 309
745 507 309
746 507 309
747 507 309
748 507 309
749 507 309
750 507 309
751 507 309
752 507 309
753 507 309
754 507 309
755 507 309
756 507 309
757 507 309
758 507 309
759 507 309
760 507 309
761 507 309
762 507 309
763 507 309
764 507 309
765 507 308
766 507 308
767 507 308
768 507 308
769 507 308
770 507 308
771 507 308
772 507 308
773 508 308
774 508 308
775 508 308
776 508 308
777 508 308
778 508 308
779 508 308
780 508 308
781 508 308
782 508 308
783 508 308
784 508 307
785 508 307
786 508 307
787 508 307
788 508 307
789 508 307
790 508 307
791 508 307
792 508 307
793 508 307
794 508 307
795 508 307
796 508 307
797 508 307
798 508 307
799 507 308
800 507 308
801 507 308
802 507 308
803 507 308
804 507 307
805 507 307
806 507 307
807 507 307
808 507 307
809 507 307
810 507 307
811 507 307
812 507 306
813 507 306
814 507 306
815 507 306
816 507 305
817 507 305
818 507 305
819 507 305
820 507 305
821 507 304
822 508 304
823 508 304
824 508 303
825 508 303
826 508 303
827 508 302
828 508 302
829 508 301
830 508 301
831 508 301
832 508 301
833 508 300
834 509 300
835 509 300
836 509 300
837 509 300
838 509 300
839 509 300
840 509 300
841 510 300
842 510 300
843 510 300
844 510 300
845 510 301
846 510 301
847 511 301
848 511 301
849 511 302
850 511 302
851 511 302
852 512 302
853 512 302
854 512 302
855 512 302
856 513 302
857 513 302
858 513 303
859 513 303
860 514 303
861 514 303
862 514 303
863 515 303
864 515 303
865 516 303
866 516 303
867 517 303
868 517 303
869 518 303
870 518 303
871 518 303
872 519 302
873 519 302
874 519 302
875 520 302
876 520 301
877 520 301
878 520 301
879 520 300
880 520 300
881 520 300
882 520 299
883 520 299
884 520 299
885 520 298
886 520 298
887 520 298
888 520 297
889 520 297
890 520 297
891 520 297
892 520 296
893 520 296
894 520 296
895 520 296
896 521 296
897 521 295
898 521 295
899 521 295
900 521 295
901 521 295
902 521 295
903 521 294
904 521 294
905 521 294
906 521 294
907 521 293
908 521 293
909 520 293
910 520 293
911 520 293
912 520 293
913 520 292
914 520 292
915 519 292
916 519 292
917 519 291
918 519 291
919 518 291
920 518 291
921 518 291
922 518 291
923 518 291
924 518 290
925 517 290
926 517 290
927 517 290
928 517 290
929 517 290
930 516 289
931 516 289
932 516 289
933 516 289
934 516 289
935 516 289
936 516 289
937 516 289
938 515 289
939 515 289
940 515 289
941 515 289
942 515 288
943 515 288
944 515 288
945 515 288
946 515 288
947 515 288
948 515 288
949 514 288
950 514 288
951 514 288
952 514 288
953 514 288
954 514 287
955 514 287
956 513 287
957 513 288
958 513 288
959 513 288
960 513 288
961 513 288
962 513 288
963 512 288
964 512 288
965 512 288
966 512 288
967 512 288
968 512 288
969 512 289
970 512 289
971 512 289
972 512 289
973 511 289
974 511 289
975 511 289
976 511 289
977 511 289
978 511 289
979 511 290
980 511 290
981 510 290
982 510 290
983 510 290
984 510 290
985 510 291
986 510 291
987 510 291
988 510 291
989 510 291
990 510 291
991 510 291
992 510 291
993 510 291
994 510 291
995 510 292
996 510 292
997 510 292
998 510 292
999 510 292
1000 510 292
1001 518 292
1002 510 292
1003 510 293
1004 509 293
1005 509 293
1006 509 293
1007 509 293
1008 509 294
1009 509 294
1010 509 294
1011 509 294
1012 509 294
1013 509 295
1014 509 295
1015 509 295
1016 509 295
1017 509 295
1018 509 295
1019 509 295
1020 509 296
1021 509 296
1022 509 296
1023 509 296
1024 509 296
1025 509 296
1026 509 297
1027 509 297
1028 509 297
1029 509 297
1030 509 297
1031 509 298
1032 509 298
1033 509 298
1034 509 298
1035 509 299
1036 509 299
1037 509 299
1038 509 299
1039 509 299
1040 509 300
1041 509 300
1042 509 300
1043 509 300
1044 509 300
1045 509 300
1046 509 300
1047 509 301
1048 509 301
1049 510 301
1050 510 301
1051 510 301
1052 510 301
1053 510 301
1054 510 301
1055 510 301
1056 510 302
1057 510 302
1058 511 302
1059 511 302
1060 511 302
1061 511 302
1062 511 302
1063 511 302
1064 511 302
1065 511 302
1066 512 302
1067 512 302
1068 512 302
1069 512 301
1070 512 301
1071 512 301
1072 512 301
1073 513 301
1074 513 301
1075 513 301
1076 513 301
1077 513 301
1078 513 301
1079 513 301
1080 513 301
1081 513 301
1082 513 301
1083 514 300
1084 514 300
1085 514 300
1086 514 300
1087 514 300
1088 514 300
1089 514 300
1090 514 299
1091 514 299
1092 514 299
1093 514 299
1094 514 299
1095 514 299
1096 514 299
1097 514 299
1098 514 299
1099 514 299
1100 514 299
1101 514 299
1102 514 299
1103 515 299
1104 515 300
1105 515 300
1106 515 300
1107 515 299
1108 515 299
1109 515 299
1110 515 299
1111 515 299
1112 516 298
1113 516 298
1114 516 298
1115 516 298
1116 516 298
1117 516 297
1118 516 297
1119 516 297
1120 516 297
1121 516 296
1122 516 296
1123 517 296
1124 517 296
1125 517 295
1126 517 295
1127 517 295
1128 517 295
1129 517 295
1130 517 295
1131 517 295
1132 517 295
1133 517 295
1134 517 295
1135 517 295
1136 517 295
1137 517 295
1138 517 295
1139 517 295
1140 517 295
1141 516 295
1142 516 295
1143 516 295
1144 516 295
1145 516 295
1146 516 295
1147 516 295
1148 516 296
1149 516 296
1150 516 296
1151 516 296
1152 516 296
1153 515 296
1154 515 297
1155 515 297
1156 515 297
1157 515 297
1158 515 297
1159 515 297
1160 515 297
1161 515 297
1162 515 297
1163 515 297
1164 515 297
1165 515 297
1166 515 297
1167 515 297
1168 515 298
1169 516 298
1170 516 298
1171 516 298
1172 516 298
1173 516 298
1174 516 298
1175 516 298
1176 516 298
1177 516 298
1178 516 298
1179 516 298
1180 516 297
1181 516 297
1182 516 297
1183 516 297
1184 516 297
1185 516 297
1186 516 297
1187 517 297
1188 517 297
1189 517 297
1190 517 297
1191 517 297
1192 517 297
1193 517 297
1194 517 297
1195 517 297
1196 517 297
1197 518 296
1198 518 296
1199 518 296
1200 518 296
1201 518 296
1202 518 296
1203 518 296
1204 518 296
1205 518 296
1206 518 296
1207 517 296
1208 517 296
1209 517 296
1210 517 296
1211 517 296
1212 517 296
1213 516 296
1214 516 297
1215 516 297
1216 516 297
1217 515 297
1218 515 297
1219 515 297
1220 515 297
1221 515 297
1222 514 297
1223 514 298
1224 514 298
1225 514 298
1226 514 298
1227 514 298
1228 514 298
1229 513 298
1230 513 298
1231 513 298
1232 513 298
1233 513 298
1234 513 298
1235 513 298
1236 513 298
1237 513 298
1238 512 298
1239 512 298
1240 512 298
1241 512 297
1242 512 297
1243 512 297
1244 511 297
1245 511 297
1246 511 297
1247 511 297
1248 511 297
1249 511 297
1250 511 297
1251 511 297
1252 511 297
1253 511 297
1254 511 297
1255 511 297
1256 510 297
1257 510 297
1258 510 297
1259 510 297
1260 510 297
1261 510 297
1262 510 297
1263 510 296
1264 510 296
1265 510 296
1266 510 296
1267 510 296
1268 509 296
1269 509 295
1270 509 295
1271 509 295
1272 509 295
1273 509 295
1274 509 294
1275 509 294
1276 509 294
1277 509 293
1278 509 293
1279 509 293
1280 509 292
1281 509 292
1282 509 292
1283 509 291
1284 509 291
1285 509 291
1286 509 290
1287 509 290
1288 509 289
1289 510 289
1290 510 289
1291 510 289
1292 510 288
1293 510 288
1294 510 288
1295 510 288
1296 510 287
1297 511 287
1298 511 287
1299 511 287
1300 511 287
1301 511 287
1302 511 287
1303 511 287
1304 512 287
1305 512 287
1306 512 287
1307 512 287
1308 512 287
1309 512 287
1310 512 287
1311 512 287
1312 513 287
1313 513 287
1314 513 287
1315 513 287
1316 513 287
1317 513 287
1318 513 287
1319 513 287
1320 513 288
1321 513 288
1322 513 288
1323 513 288
1324 513 288
1325 513 289
1326 513 289
1327 513 289
1328 513 289
1329 513 290
1330 514 290
1331 514 290
1332 514 290
1333 514 291
1334 514 291
1335 514 291
1336 514 291
1337 514 291
1338 514 292
1339 514 292
1340 514 292
1341 514 293
1342 514 293
1343 514 293
1344 514 293
1345 514 294
1346 514 294
1347 514 294
1348 514 294
1349 514 295
1350 514 295
1351 514 295
1352 514 295
1353 514 296
1354 514 296
1355 514 296
1356 514 296
1357 514 297
1358 514 297
1359 514 297
1360 514 297
1361 514 298
1362 514 298
1363 514 298
1364 514 299
1365 514 299
1366 514 299
1367 514 299
1368 514 300
1369 515 300
1370 515 300
1371 515 300
1372 515 301
1373 515 301
1374 515 301
1375 515 302
1376 515 302
1377 515 302
1378 515 302
1379 515 303
1380 516 303
1381 516 303
1382 516 303
1383 516 303
1384 516 303
1385 516 304
1386 516 304
1387 516 304
1388 516 304
1389 516 304
1390 516 304
1391 516 304
1392 516 304
1393 516 304
1394 516 304
1395 515 304
1396 515 304
1397 515 305
1398 515 305
1399 515 305
1400 515 305
1401 515 305
1402 515 305
1403 515 305
1404 515 305
1405 515 305
1406 515 305
1407 515 305
1408 515 305
1409 515 305
1410 515 304
1411 515 304
1412 515 304
1413 515 304
1414 515 304
1415 516 304
1416 516 304
1417 516 304
1418 516 303
1419 516 303
1420 516 303
1421 516 303
1422 516 303
1423 516 303
1424 516 303
1425 516 303
1426 516 303
1427 516 302
1428 516 302
1429 516 302
1430 516 302
1431 516 302
1432 516 302
1433 516 302
1434 516 302
1435 516 302
1436 516 302
1437 516 302
1438 516 301
1439 516 301
1440 516 301
1441 516 301
1442 516 301
1443 516 301
1444 516 301
1445 516 301
1446 516 301
1447 516 301
1448 516 301
1449 516 301
1450 516 301
1451 516 301
1452 516 301
1453 516 301
1454 516 300
1455 516 300
1456 516 300
1457 516 300
1458 516 300
1459 516 300
1460 516 300
1461 516 300
1462 515 300
1463 515 300
1464 515 300
1465 515 300
1466 515 300
1467 515 300
1468 515 300
1469 515 300
1470 515 300
1471 515 300
1472 515 300
1473 515 300
1474 515 300
1475 515 300
1476 514 300
1477 514 300
1478 514 300
1479 514 300
1480 514 301
1481 514 301
1482 514 301
1483 514 301
1484 514 301
1485 514 301
1486 514 301
1487 514 301
1488 514 302
1489 514 302
1490 514 302
1491 514 302
1492 514 302
1493 514 302
1494 514 302
1495 514 302
1496 514 302
1497 514 302
1498 514 302
1499 514 302
1500 514 302
1501 514 302
1502 514 302
1503 514 302
1504 515 302
1505 515 302
1506 515 302
1507 515 302
1508 515 302
1509 515 302
1510 515 302
1511 515 301
1512 515 301
1513 515 301
1514 515 301
1515 516 301
1516 516 301
1517 516 301
1518 516 300
1519 516 300
1520 516 300
1521 516 300
1522 516 300
1523 516 300
1524 515 299
1525 515 299
1526 515 299
1527 515 299
1528 514 299
1529 514 299
1530 514 299
1531 513 299
1532 513 299
1533 512 299
1534 512 298
1535 511 298
1536 511 298
1537 510 298
1538 509 298
1539 508 298
1540 508 298
1541 507 298
1542 506 298
1543 505 298
1544 504 298
1545 503 298
1546 502 298
1547 501 297
1548 501 297
1549 500 297
1550 500 297
1551 499 297
1552 499 297
1553 498 297
1554 498 297
1555 498 297
1556 498 297
1557 498 297
1558 498 297
1559 498 297
1560 498 297
1561 498 297
1562 498 297
1563 498 297
1564 498 297
1565 498 297
1566 499 297
1567 499 297
1568 499 297
1569 499 297
1570 499 297
1571 499 297
1572 499 297
1573 500 297
1574 500 297
1575 500 297
1576 500 297
1577 501 297
1578 501 297
1579 501 297
1580 501 297
1581 502 297
1582 502 297
1583 502 297
1584 502 297
1585 503 297
1586 503 297
1587 503 297
1588 503 297
1589 503 297
1590 504 297
1591 504 297
1592 504 298
1593 504 298
1594 504 298
1595 505 298
1596 505 298
1597 505 298
1598 505 298
1599 505 298
1600 505 298
1601 505 298
1602 505 298
1603 505 298
1604 506 298
1605 506 298
1606 506 298
1607 506 298
1608 506 298
1609 506 298
1610 506 298
1611 506 298
1612 506 298
1613 506 298
1614 506 298
1615 506 298
1616 506 298
1617 506 298
1618 506 299
1619 506 299
1620 506 299
1621 506 299
1622 506 299
1623 506 299
1624 506 299
1625 506 299
1626 506 299
1627 506 299
1628 506 299
1629 506 299
1630 506 299
1631 506 299
1632 506 299
1633 506 299
1634 506 299
1635 506 298
1636 506 298
1637 506 298
1638 506 298
1639 506 298
1640 506 298
1641 506 298
1642 506 298
1643 506 298
1644 506 298
1645 506 298
1646 506 298
1647 506 298
1648 507 298
1649 507 298
1650 507 298
1651 507 298
1652 507 298
1653 507 298
1654 507 299
1655 507 299
1656 507 299
1657 507 299
1658 507 299
1659 507 299
1660 507 299
1661 507 300
1662 507 300
1663 507 300
1664 507 300
1665 507 300
1666 507 300
1667 507 301
1668 507 301
1669 507 301
1670 507 301
1671 506 301
1672 506 302
1673 506 302
1674 506 302
1675 506 302
1676 506 302
1677 506 303
1678 506 303
1679 506 303
1680 506 303
1681 506 303
1682 506 303
1683 506 303
1684 506 304
1685 506 304
1686 506 304
1687 506 304
1688 506 304
1689 506 304
1690 506 304
1691 506 304
1692 505 304
1693 505 304
1694 505 305
1695 505 305
1696 505 305
1697 505 305
1698 505 305
1699 505 305
1700 505 305
1701 505 305
1702 505 305
1703 505 305
1704 505 305
1705 505 305
1706 505 305
1707 505 305
1708 506 305
1709 506 306
1710 506 306
1711 506 306
1712 506 306
1713 506 306
1714 506 306
1715 506 306
1716 506 306
1717 506 306
1718 506 306
1719 507 306
1720 507 306
1721 507 306
1722 507 306
1723 507 306
1724 507 306
1725 507 306
1726 507 306
1727 508 306
1728 508 306
1729 508 306
1730 508 306
1731 508 306
1732 509 306
1733 509 305
1734 509 305
1735 509 305
1736 510 305
1737 510 305
1738 510 305
1739 510 304
1740 510 304
1741 510 304
1742 510 304
1743 511 304
1744 511 304
1745 511 304
1746 511 304
1747 511 304
1748 511 304
1749 511 304
1750 511 304
1751 511 304
1752 512 305
1753 512 305
1754 512 305
1755 512 305
1756 512 305
1757 512 306
1758 512 306
1759 512 306
1760 513 306
1761 513 306
1762 513 307
1763 513 307
1764 513 307
1765 513 307
1766 513 307
1767 513 307
1768 513 307
1769 513 308
1770 513 308
1771 513 308
1772 513 308
1773 513 308
1774 513 308
1775 513 308
1776 513 308
1777 513 308
1778 513 308
1779 513 308
1780 513 308
1781 513 308
1782 513 308
1783 513 308
1784 513 308
1785 513 308
1786 513 308
1787 513 308
1788 513 308
1789 513 307
1790 513 307
1791 513 308
1792 513 308
1793 513 308
1794 513 308
1795 513 308
1796 513 308
1797 513 308
1798 513 308
1799 513 308
1800 513 308
1801 513 308
1802 513 308
1803 513 308
1804 513 308
1805 513 308
1806 513 308
1807 513 308
1808 513 308
1809 513 308
1810 513 308
1811 513 308
1812 513 308
1813 513 308
1814 513 308
1815 513 308
1816 513 308
1817 512 308
1818 513 308
1819 512 308
1820 513 308
1821 513 308
1822 512 308
1823 512 308
1824 513 308
1825 513 308
1826 513 308
1827 513 308
1828 513 308
1829 513 308
1830 513 308
1831 513 308
1832 513 308
1833 513 308
1834 513 308
1835 513 308
1836 512 308
1837 512 308
1838 512 308
1839 512 308
1840 512 308
1841 512 308
1842 512 308
1843 512 308
1844 512 308
1845 512 308
1846 512 308
1847 512 308
1848 512 308
1849 512 308
1850 512 308
1851 512 308
1852 512 308
1853 512 308
1854 512 308
1855 512 308
1856 512 308
1857 512 308
1858 512 308