1 637 398
2 637 398
3 637 399
4 637 399
5 637 399
6 637 399
7 637 399
8 637 399
9 637 399
10 637 399
11 637 399
12 637 399
13 637 399
14 637 399
15 637 399
16 637 399
17 637 399
18 637 399
19 637 399
20 637 398
21 637 398
22 637 398
23 637 398
24 637 398
25 637 398
26 637 398
27 637 398
28 637 398
29 637 398
30 637 398
31 637 398
32 637 398
33 637 398
34 637 398
35 636 398
36 636 398
37 636 398
38 636 398
39 636 398
40 636 398
41 636 398
42 636 398
43 636 398
44 636 398
45 636 398
46 636 398
47 636 398
48 636 398
49 636 398
50 636 398
51 636 398
52 636 398
53 636 398
54 636 398
55 636 398
56 636 398
57 636 398
58 636 398
59 636 398
60 636 398
61 636 398
62 636 398
63 636 398
64 636 398
65 636 398
66 636 398
67 636 398
68 636 398
69 636 398
70 636 398
71 636 398
72 636 398
73 636 398
74 636 398
75 636 398
76 636 398
77 636 398
78 636 398
79 636 398
80 636 398
81 636 398
82 636 397
83 636 397
84 636 397
85 636 397
86 636 397
87 636 397
88 636 397
89 636 397
90 636 397
91 636 397
92 637 397
93 637 397
94 637 398
95 637 398
96 637 398
97 638 398
98 638 398
99 638 398
100 638 398
101 638 398
102 639 399
103 639 399
104 639 398
105 639 398
106 639 398
107 639 398
108 640 398
109 640 398
110 640 398
111 640 397
112 640 397
113 640 397
114 640 397
115 640 397
116 640 396
117 641 396
118 641 396
119 641 396
120 641 396
121 641 396
122 641 396
123 641 395
124 641 395
125 641 395
126 641 394
127 641 394
128 641 394
129 641 394
130 641 393
131 641 393
132 641 393
133 641 393
134 641 393
135 641 392
136 641 392
137 641 392
138 641 392
139 640 392
140 640 391
141 640 391
142 640 391
143 640 391
144 640 391
145 640 391
146 640 391
147 640 391
148 640 390
149 640 390
150 640 390
151 640 390
152 640 390
153 640 390
154 639 390
155 639 390
156 639 390
157 639 390
158 639 390
159 639 390
160 639 390
161 639 390
162 639 390
163 639 390
164 639 390
165 639 390
166 639 390
167 639 390
168 639 390
169 639 390
170 639 390
171 639 390
172 639 390
173 639 390
174 639 390
175 639 390
176 639 390
177 640 391
178 640 391
179 640 391
180 640 391
181 640 391
182 640 391
183 640 391
184 640 391
185 640 391
186 640 391
187 640 391
188 640 391
189 640 391
190 640 391
191 640 391
192 640 391
193 640 391
194 640 391
195 640 391
196 640 391
197 640 391
198 640 391
199 640 391
200 640 391
201 640 391
202 640 392
203 640 392
204 640 392
205 640 392
206 640 392
207 640 392
208 640 393
209 640 393
210 640 393
211 640 393
212 640 393
213 640 393
214 640 393
215 640 393
216 640 393
217 640 393
218 640 393
219 640 393
220 640 394
221 641 394
222 640 394
223 641 394
224 641 394
225 641 394
226 641 394
227 641 395
228 641 396
229 641 396
230 641 396
231 641 396
232 641 396
233 641 397
234 641 397
235 642 397
236 642 397
237 642 397
238 642 397
239 642 397
240 642 397
241 643 397
242 643 397
243 643 397
244 643 397
245 643 397
246 643 396
247 644 396
248 644 396
249 644 396
250 644 396
251 644 395
252 645 395
253 645 395
254 645 395
255 646 395
256 646 395
257 646 395
258 646 395
259 647 394
260 647 394
261 647 394
262 647 394
263 648 394
264 648 394
265 648 394
266 649 394
267 649 394
268 650 394
269 650 394
270 651 394
271 651 394
272 651 394
273 652 394
274 653 394
275 653 394
276 653 394
277 654 394
278 654 395
279 655 395
280 655 395
281 656 396
282 656 396
283 657 396
284 658 396
285 658 396
286 659 397
287 660 397
288 660 397
289 661 397
290 662 397
291 662 397
292 663 397
293 663 397
294 664 397
295 664 397
296 664 397
297 665 397
298 665 397
299 665 397
300 665 397
301 666 397
302 666 397
303 666 397
304 666 397
305 666 396
306 666 396
307 666 396
308 666 396
309 666 396
310 666 396
311 666 396
312 665 396
313 665 396
314 665 396
315 665 396
316 665 396
317 665 396
318 664 396
319 664 396
320 664 396
321 664 396
322 664 396
323 664 396
324 663 396
325 663 396
326 663 397
327 663 397
328 663 397
329 663 397
330 662 397
331 662 397
332 662 397
333 662 397
334 661 397
335 661 398
336 661 398
337 660 398
338 660 398
339 660 399
340 659 400
341 659 400
342 659 400
343 659 400
344 658 401
345 658 401
346 658 401
347 658 402
348 657 402
349 657 403
350 657 403
351 657 404
352 656 404
353 656 404
354 656 405
355 656 405
356 656 405
357 656 405
358 655 406
359 655 406
360 655 406
361 655 407
362 655 407
363 654 407
364 654 407
365 654 406
366 654 406
367 653 406
368 653 406
369 653 406
370 652 406
371 652 406
372 651 406
373 651 406
374 650 406
375 650 406
376 649 407
377 648 407
378 648 408
379 647 409
380 646 409
381 646 409
382 645 409
383 645 409
384 644 409
385 644 409
386 643 409
387 643 410
388 642 410
389 642 410
390 642 410
391 642 410
392 641 410
393 641 410
394 641 410
395 641 410
396 640 410
397 640 411
398 640 411
399 640 411
400 640 411
401 639 411
402 639 411
403 639 411
404 639 411
405 639 410
406 638 410
407 638 411
408 638 411
409 638 411
410 637 410
411 637 410
412 637 410
413 637 410
414 637 410
415 636 410
416 636 410
417 636 410
418 636 410
419 636 410
420 636 410
421 636 410
422 636 410
423 636 410
424 636 409
425 636 409
426 636 409
427 636 409
428 636 409
429 636 409
430 636 409
431 637 409
432 637 409
433 637 410
434 637 410
435 637 410
436 637 410
437 637 410
438 637 410
439 637 410
440 637 410
441 637 410
442 637 410
443 637 410
444 637 410
445 637 410
446 637 410
447 637 410
448 637 410
449 636 410
450 636 410
451 636 410
452 636 410
453 636 410
454 636 410
455 636 410
456 636 410
457 636 410
458 636 410
459 636 410
460 636 410
461 636 410
462 636 410
463 636 410
464 636 410
465 637 410
466 637 410
467 637 410
468 637 410
469 637 410
470 637 410
471 637 410
472 637 410
473 637 410
474 637 410
475 638 410
476 638 410
477 638 409
478 638 409
479 638 409
480 638 410
481 638 410
482 638 410
483 638 410
484 638 410
485 638 410
486 638 410
487 638 410
488 638 410
489 638 410
490 638 410
491 638 410
492 638 410
493 638 410
494 639 410
495 639 410
496 639 410
497 639 410
498 639 410
499 639 410
500 640 409
501 640 409
502 640 409
503 641 409
504 641 409
505 641 409
506 642 409
507 642 409
508 642 410
509 642 410
510 642 410
511 643 409
512 643 409
513 643 409
514 643 409
515 643 408
516 643 408
517 644 408
518 644 407
519 644 407
520 644 407
521 644 407
522 644 407
523 644 406
524 644 406
525 644 405
526 644 405
527 644 405
528 644 404
529 644 404
530 644 404
531 644 404
532 644 404
533 644 403
534 644 403
535 643 403
536 643 403
537 643 403
538 643 403
539 643 403
540 643 403
541 643 403
542 643 403
543 643 403
544 643 403
545 643 403
546 643 403
547 643 403
548 643 403
549 643 403
550 643 403
551 643 403
552 642 403
553 643 403
554 643 403
555 643 403
556 643 403
557 643 403
558 643 403
559 643 403
560 643 403
561 643 403
562 643 403
563 643 403
564 643 403
565 643 403
566 643 403
567 643 403
568 643 403
569 643 403
570 644 403
571 644 403
572 644 403
573 644 403
574 644 403
575 644 403
576 644 403
577 644 403
578 644 403
579 644 403
580 644 403
581 644 403
582 644 403
583 645 403
584 645 403
585 645 403
586 645 403
587 645 403
588 645 403
589 645 403
590 645 403
591 645 403
592 646 403
593 646 402
594 646 402
595 646 402
596 646 401
597 646 401
598 646 401
599 646 400
600 646 400
601 646 400
602 646 400
603 646 400
604 646 400
605 646 400
606 646 400
607 646 400
608 646 401
609 646 401
610 646 401
611 646 401
612 646 402
613 646 403
614 645 404
615 644 406
616 644 408
617 643 409
618 643 410
619 642 410
620 642 411
621 642 411
622 642 411
623 642 412
624 642 412
625 642 413
626 642 413
627 642 414
628 642 414
629 642 414
630 642 414
631 642 414
632 642 415
633 642 415
634 642 416
635 643 416
636 643 416
637 643 416
638 643 416
639 643 416
640 643 416
641 643 416
642 644 416
643 644 416
644 644 416
645 644 416
646 644 417
647 644 417
648 644 417
649 644 417
650 644 417
651 644 417
652 644 417
653 644 418
654 644 418
655 644 418
656 644 419
657 644 419
658 644 419
659 644 419
660 644 419
661 644 419
662 644 419
663 644 419
664 644 419
665 644 419
666 644 419
667 644 419
668 644 419
669 644 419
670 644 419
671 644 419
672 643 419
673 643 419
674 643 419
675 643 419
676 643 419
677 643 419
678 643 419
679 643 419
680 643 419
681 643 419
682 643 419
683 643 419
684 643 419
685 643 419
686 643 420
687 643 420
688 643 420
689 643 420
690 643 420
691 643 420
692 643 420
693 643 421
694 643 421
695 643 421
696 643 421
697 643 421
698 644 421
699 644 422
700 644 422
701 644 422
702 644 422
703 644 423
704 644 423
705 644 423
706 645 424
707 645 424
708 645 424
709 645 424
710 645 425
711 644 426
712 644 427
713 643 428
714 642 430
715 641 431
716 641 431
717 640 432
718 639 432
719 639 432
720 638 432
721 638 432
722 637 432
723 637 432
724 637 432
725 637 431
726 637 431
727 637 430
728 637 430
729 637 430
730 637 430
731 637 429
732 637 429
733 637 429
734 638 429
735 638 429
736 638 429
737 638 429
738 638 428
739 638 428
740 639 428
741 639 428
742 639 428
743 639 428
744 639 427
745 639 427
746 639 428
747 639 428
748 639 428
749 639 428
750 639 428
751 639 428
752 639 428
753 639 428
754 639 428
755 640 428
756 640 428
757 640 428
758 640 428
759 640 428
760 640 428
761 640 428
762 640 428
763 640 428
764 640 428
765 640 428
766 640 428
767 640 428
768 640 428
769 640 428
770 640 428
771 640 428
772 640 428
773 640 428
774 641 428
775 641 428
776 641 428
777 641 428
778 641 428
779 641 428
780 641 428
781 641 428
782 641 428
783 641 428
784 641 428
785 641 427
786 641 427
787 641 427
788 641 427
789 641 427
790 641 427
791 641 427
792 641 427
793 641 427
794 641 427
795 641 427
796 641 427
797 641 427
798 641 427
799 641 427
800 641 427
801 641 427
802 641 427
803 641 427
804 640 427
805 640 427
806 640 427
807 640 427
808 640 427
809 640 427
810 640 427
811 640 427
812 640 427
813 640 427
814 640 426
815 640 426
816 640 426
817 640 427
818 640 427
819 640 427
820 640 427
821 640 426
822 640 426
823 641 426
824 641 425
825 641 425
826 641 424
827 641 424
828 641 424
829 641 424
830 642 423
831 642 422
832 642 422
833 642 422
834 642 422
835 642 422
836 643 423
837 642 423
838 642 423
839 643 423
840 643 423
841 643 423
842 643 423
843 644 423
844 644 424
845 644 424
846 644 425
847 644 425
848 644 425
849 644 426
850 645 426
851 645 426
852 645 426
853 645 426
854 646 426
855 646 426
856 646 426
857 646 426
858 647 426
859 647 426
860 647 426
861 648 426
862 648 425
863 649 425
864 649 425
865 650 424
866 651 424
867 651 424
868 652 423
869 652 423
870 653 422
871 653 422
872 653 422
873 654 421
874 654 421
875 654 420
876 655 419
877 655 419
878 655 418
879 655 418
880 655 417
881 655 417
882 655 416
883 655 416
884 656 415
885 656 415
886 656 414
887 656 414
888 656 414
889 656 414
890 656 414
891 656 413
892 656 413
893 656 413
894 656 413
895 656 413
896 656 412
897 656 412
898 656 412
899 656 412
900 656 412
901 656 411
902 656 411
903 656 411
904 656 411
905 656 410
906 656 410
907 656 410
908 656 409
909 656 409
910 656 409
911 656 409
912 656 409
913 655 408
914 655 408
915 655 408
916 655 407
917 655 407
918 655 407
919 655 407
920 655 406
921 655 406
922 654 406
923 654 406
924 654 405
925 654 405
926 654 405
927 654 405
928 654 405
929 654 404
930 654 404
931 654 404
932 654 404
933 654 404
934 654 404
935 653 404
936 653 403
937 653 403
938 653 403
939 653 403
940 653 403
941 653 403
942 653 403
943 653 403
944 653 403
945 653 403
946 653 403
947 653 403
948 653 403
949 652 403
950 652 403
951 652 403
952 652 403
953 652 403
954 652 403
955 652 403
956 651 403
957 651 403
958 651 403
959 651 403
960 651 403
961 651 403
962 651 403
963 651 404
964 650 404
965 650 404
966 650 404
967 650 404
968 650 404
969 650 404
970 650 404
971 650 405
972 650 405
973 650 405
974 650 405
975 650 405
976 650 406
977 650 406
978 649 406
979 649 406
980 649 406
981 649 406
982 649 407
983 649 407
984 649 407
985 649 407
986 649 407
987 649 408
988 649 408
989 649 408
990 649 408
991 649 408
992 649 409
993 649 409
994 649 409
995 649 409
996 649 409
997 649 409
998 649 409
999 649 410
1000 649 410
1001 657 410
1002 649 410
1003 649 410
1004 649 410
1005 649 410
1006 649 411
1007 649 411
1008 649 411
1009 649 411
1010 649 412
1011 649 412
1012 649 412
1013 649 412
1014 649 413
1015 649 413
1016 649 413
1017 649 413
1018 649 413
1019 649 414
1020 649 414
1021 649 414
1022 649 414
1023 649 414
1024 649 414
1025 649 415
1026 649 415
1027 649 415
1028 649 415
1029 649 416
1030 649 416
1031 649 416
1032 649 416
1033 649 416
1034 649 417
1035 649 417
1036 649 417
1037 649 417
1038 649 418
1039 649 418
1040 649 418
1041 649 418
1042 649 418
1043 649 418
1044 649 419
1045 649 419
1046 649 419
1047 649 419
1048 649 419
1049 649 420
1050 649 420
1051 649 420
1052 649 420
1053 649 420
1054 649 421
1055 649 421
1056 649 421
1057 649 421
1058 649 421
1059 649 421
1060 649 421
1061 649 421
1062 649 422
1063 650 422
1064 650 422
1065 650 422
1066 650 422
1067 650 422
1068 650 421
1069 650 421
1070 650 421
1071 651 421
1072 651 421
1073 651 421
1074 651 421
1075 651 421
1076 651 420
1077 651 420
1078 651 420
1079 652 420
1080 652 420
1081 652 420
1082 652 420
1083 652 420
1084 652 420
1085 652 419
1086 652 419
1087 652 419
1088 652 419
1089 652 419
1090 652 418
1091 652 418
1092 652 418
1093 652 418
1094 652 418
1095 652 418
1096 652 418
1097 652 418
1098 653 418
1099 653 418
1100 653 418
1101 653 418
1102 653 418
1103 653 419
1104 653 419
1105 653 419
1106 653 419
1107 652 420
1108 652 420
1109 651 422
1110 650 423
1111 649 424
1112 649 424
1113 648 425
1114 648 425
1115 647 425
1116 647 424
1117 647 424
1118 647 424
1119 647 424
1120 647 423
1121 647 423
1122 647 423
1123 647 422
1124 647 422
1125 647 422
1126 647 422
1127 647 422
1128 647 422
1129 647 422
1130 647 422
1131 647 421
1132 647 421
1133 647 421
1134 647 421
1135 647 421
1136 647 421
1137 647 421
1138 647 421
1139 646 421
1140 646 421
1141 646 421
1142 646 421
1143 646 421
1144 646 421
1145 646 421
1146 646 421
1147 646 421
1148 646 421
1149 646 422
1150 646 422
1151 646 422
1152 646 422
1153 646 423
1154 646 423
1155 646 423
1156 646 423
1157 646 423
1158 646 423
1159 646 423
1160 646 423
1161 646 423
1162 647 423
1163 647 423
1164 647 423
1165 647 423
1166 647 423
1167 647 423
1168 647 423
1169 647 423
1170 647 423
1171 647 423
1172 648 423
1173 648 423
1174 648 423
1175 648 423
1176 648 424
1177 648 424
1178 648 424
1179 648 424
1180 648 424
1181 648 424
1182 648 423
1183 648 423
1184 648 423
1185 648 423
1186 649 423
1187 649 423
1188 649 423
1189 649 423
1190 649 423
1191 649 423
1192 649 422
1193 650 422
1194 650 422
1195 650 422
1196 650 422
1197 650 422
1198 650 421
1199 650 421
1200 651 420
1201 651 420
1202 651 420
1203 651 420
1204 651 419
1205 651 419
1206 651 419
1207 651 419
1208 650 420
1209 650 419
1210 650 419
1211 650 419
1212 650 420
1213 650 420
1214 650 420
1215 649 420
1216 649 420
1217 649 420
1218 649 420
1219 649 420
1220 649 420
1221 648 420
1222 648 421
1223 648 421
1224 648 420
1225 648 420
1226 648 420
1227 648 420
1228 648 420
1229 648 421
1230 647 421
1231 647 421
1232 647 421
1233 647 421
1234 647 420
1235 647 420
1236 647 420
1237 647 420
1238 647 420
1239 647 420
1240 647 420
1241 646 420
1242 646 420
1243 646 420
1244 646 419
1245 646 419
1246 646 419
1247 646 419
1248 646 419
1249 646 419
1250 646 419
1251 646 419
1252 646 419
1253 646 419
1254 646 418
1255 646 418
1256 646 418
1257 646 418
1258 645 419
1259 645 419
1260 645 420
1261 645 420
1262 645 419
1263 645 419
1264 645 419
1265 645 419
1266 645 418
1267 645 418
1268 645 418
1269 644 418
1270 644 418
1271 644 418
1272 644 417
1273 644 417
1274 644 417
1275 644 416
1276 644 416
1277 644 416
1278 643 416
1279 643 416
1280 643 415
1281 643 414
1282 643 414
1283 643 414
1284 643 414
1285 643 413
1286 643 413
1287 644 413
1288 644 412
1289 644 412
1290 644 412
1291 644 411
1292 644 411
1293 644 410
1294 644 410
1295 644 410
1296 644 410
1297 644 410
1298 644 410
1299 645 410
1300 645 410
1301 645 410
1302 645 409
1303 645 409
1304 645 409
1305 645 409
1306 645 409
1307 645 409
1308 645 410
1309 646 410
1310 646 410
1311 646 409
1312 646 410
1313 646 410
1314 646 410
1315 646 410
1316 647 410
1317 647 410
1318 647 410
1319 647 409
1320 647 409
1321 648 409
1322 648 410
1323 648 410
1324 648 410
1325 648 410
1326 648 410
1327 648 411
1328 649 411
1329 649 411
1330 649 411
1331 649 411
1332 649 411
1333 649 411
1334 649 411
1335 650 412
1336 650 412
1337 650 412
1338 650 412
1339 650 412
1340 650 412
1341 650 412
1342 651 413
1343 651 412
1344 651 412
1345 651 412
1346 651 413
1347 651 413
1348 651 413
1349 651 414
1350 652 413
1351 652 413
1352 652 414
1353 652 414
1354 652 414
1355 652 415
1356 652 416
1357 652 416
1358 652 416
1359 652 416
1360 652 416
1361 652 417
1362 652 417
1363 652 417
1364 652 417
1365 653 417
1366 653 417
1367 653 417
1368 653 417
1369 653 417
1370 654 418
1371 654 418
1372 654 418
1373 654 418
1374 655 418
1375 655 418
1376 655 418
1377 655 419
1378 655 419
1379 655 419
1380 656 419
1381 656 419
1382 656 419
1383 656 419
1384 656 419
1385 656 419
1386 656 419
1387 656 419
1388 656 419
1389 656 419
1390 656 419
1391 656 419
1392 656 419
1393 656 419
1394 656 419
1395 656 419
1396 656 419
1397 656 419
1398 656 419
1399 656 419
1400 656 419
1401 656 419
1402 656 419
1403 656 419
1404 656 419
1405 656 419
1406 656 419
1407 656 419
1408 656 419
1409 656 419
1410 656 419
1411 656 419
1412 656 419
1413 656 419
1414 656 418
1415 656 418
1416 656 418
1417 656 418
1418 656 418
1419 657 418
1420 657 418
1421 657 418
1422 657 418
1423 657 418
1424 657 417
1425 657 417
1426 657 417
1427 657 417
1428 657 417
1429 656 417
1430 656 417
1431 656 417
1432 656 417
1433 656 417
1434 656 417
1435 656 417
1436 656 417
1437 656 417
1438 656 417
1439 656 417
1440 656 417
1441 656 417
1442 656 417
1443 656 417
1444 655 418
1445 655 419
1446 654 420
1447 654 420
1448 654 420
1449 653 421
1450 653 421
1451 653 421
1452 653 421
1453 652 421
1454 652 422
1455 651 422
1456 651 423
1457 650 423
1458 650 423
1459 650 423
1460 650 423
1461 649 423
1462 649 423
1463 649 424
1464 648 424
1465 648 424
1466 648 424
1467 648 424
1468 647 424
1469 647 424
1470 647 424
1471 647 424
1472 647 424
1473 647 424
1474 647 424
1475 647 424
1476 646 424
1477 646 424
1478 646 424
1479 646 424
1480 646 424
1481 646 424
1482 646 424
1483 646 424
1484 646 424
1485 646 424
1486 646 424
1487 646 424
1488 646 424
1489 646 424
1490 646 425
1491 646 425
1492 646 425
1493 646 425
1494 646 425
1495 646 425
1496 646 425
1497 646 425
1498 646 425
1499 646 425
1500 647 425
1501 647 425
1502 647 425
1503 647 425
1504 647 425
1505 647 425
1506 647 426
1507 647 426
1508 647 426
1509 647 426
1510 647 426
1511 648 426
1512 647 426
1513 648 426
1514 648 426
1515 648 426
1516 648 426
1517 648 426
1518 648 426
1519 648 425
1520 648 425
1521 648 425
1522 648 425
1523 648 425
1524 648 425
1525 647 425
1526 647 425
1527 647 425
1528 647 425
1529 647 425
1530 646 425
1531 646 424
1532 646 424
1533 646 423
1534 645 423
1535 645 423
1536 645 422
1537 644 422
1538 644 421
1539 643 421
1540 643 421
1541 642 420
1542 641 420
1543 641 420
1544 640 420
1545 639 419
1546 639 419
1547 638 418
1548 638 418
1549 638 417
1550 638 416
1551 637 416
1552 637 416
1553 637 416
1554 637 416
1555 637 416
1556 637 416
1557 637 415
1558 637 415
1559 637 415
1560 637 415
1561 637 414
1562 637 414
1563 637 414
1564 638 414
1565 638 414
1566 638 414
1567 638 414
1568 638 414
1569 638 414
1570 638 414
1571 638 414
1572 639 414
1573 639 413
1574 639 413
1575 639 413
1576 639 413
1577 639 413
1578 640 413
1579 640 413
1580 640 413
1581 640 413
1582 640 413
1583 641 413
1584 641 413
1585 641 414
1586 641 414
1587 641 414
1588 642 414
1589 642 414
1590 642 414
1591 642 414
1592 643 414
1593 643 414
1594 643 414
1595 643 414
1596 643 414
1597 643 415
1598 643 415
1599 643 415
1600 643 415
1601 643 415
1602 644 415
1603 644 415
1604 644 415
1605 644 415
1606 644 415
1607 644 415
1608 645 415
1609 645 415
1610 645 415
1611 645 415
1612 645 415
1613 645 416
1614 645 416
1615 645 416
1616 645 416
1617 645 416
1618 645 416
1619 645 416
1620 645 417
1621 645 417
1622 645 417
1623 645 417
1624 645 417
1625 646 417
1626 646 417
1627 646 417
1628 646 417
1629 646 417
1630 646 417
1631 646 416
1632 646 416
1633 646 416
1634 646 416
1635 646 416
1636 646 416
1637 646 416
1638 646 416
1639 647 415
1640 647 415
1641 647 415
1642 647 415
1643 647 415
1644 647 414
1645 647 414
1646 647 414
1647 647 415
1648 647 415
1649 647 415
1650 647 415
1651 648 415
1652 648 415
1653 648 415
1654 648 415
1655 648 415
1656 648 415
1657 648 416
1658 648 416
1659 648 416
1660 648 416
1661 648 416
1662 648 416
1663 648 416
1664 648 417
1665 648 417
1666 648 417
1667 648 417
1668 648 417
1669 648 418
1670 648 418
1671 648 418
1672 648 418
1673 648 418
1674 648 418
1675 648 419
1676 648 419
1677 648 419
1678 648 419
1679 648 419
1680 648 420
1681 648 420
1682 648 420
1683 648 420
1684 648 420
1685 647 420
1686 647 420
1687 647 420
1688 647 420
1689 647 420
1690 647 420
1691 647 421
1692 647 421
1693 647 421
1694 647 421
1695 647 421
1696 647 421
1697 647 421
1698 647 421
1699 647 421
1700 647 421
1701 647 421
1702 647 421
1703 647 421
1704 647 421
1705 647 421
1706 647 421
1707 647 421
1708 647 422
1709 647 422
1710 647 422
1711 647 422
1712 647 422
1713 647 422
1714 648 422
1715 648 423
1716 648 423
1717 648 423
1718 648 423
1719 648 423
1720 648 423
1721 648 423
1722 648 423
1723 649 422
1724 649 422
1725 649 422
1726 649 421
1727 649 421
1728 649 421
1729 649 421
1730 649 421
1731 649 421
1732 650 421
1733 649 421
1734 649 421
1735 649 422
1736 648 422
1737 648 423
1738 647 424
1739 647 425
1740 646 425
1741 646 425
1742 646 425
1743 646 425
1744 646 425
1745 646 425
1746 646 425
1747 646 425
1748 646 425
1749 646 425
1750 646 425
1751 646 425
1752 646 425
1753 646 425
1754 646 425
1755 646 425
1756 647 425
1757 647 426
1758 647 426
1759 647 426
1760 647 426
1761 647 426
1762 648 426
1763 648 426
1764 648 426
1765 648 426
1766 648 426
1767 648 426
1768 648 426
1769 648 425
1770 648 425
1771 649 425
1772 649 425
1773 649 425
1774 649 425
1775 649 425
1776 649 424
1777 649 424
1778 649 424
1779 649 424
1780 649 424
1781 649 424
1782 649 424
1783 649 424
1784 649 423
1785 649 423
1786 649 423
1787 649 423
1788 649 422
1789 649 422
1790 649 422
1791 649 422
1792 649 422
1793 649 422
1794 649 422
1795 649 422
1796 649 422
1797 649 422
1798 649 422
1799 649 422
1800 649 422
1801 649 422
1802 649 422
1803 649 422
1804 649 422
1805 649 422
1806 649 422
1807 649 422
1808 649 422
1809 649 421
1810 649 421
1811 649 421
1812 649 421
1813 649 421
1814 649 421
1815 649 421
1816 649 421
1817 649 421
1818 649 421
1819 649 421
1820 649 422
1821 649 422
1822 649 422
1823 649 422
1824 649 422
1825 649 422
1826 649 422
1827 649 422
1828 649 422
1829 649 422
1830 649 422
1831 649 422
1832 649 422
1833 649 421
1834 649 421
1835 649 421
1836 649 421
1837 649 421
1838 649 421
1839 649 421
1840 649 421
1841 649 421
1842 649 421
1843 649 421
1844 649 421
1845 649 421
1846 649 421
1847 649 421
1848 649 421
1849 649 421
1850 649 421
1851 649 421
1852 649 421
1853 649 421
1854 649 421
1855 649 421
1856 649 421
1857 649 421
1858 649 421
