1 518 428
2 518 429
3 518 429
4 518 429
5 518 429
6 518 429
7 518 429
8 518 429
9 518 429
10 518 429
11 518 429
12 518 429
13 518 429
14 518 429
15 518 429
16 518 429
17 518 429
18 518 429
19 518 429
20 518 429
21 518 429
22 518 429
23 518 429
24 518 429
25 518 429
26 518 429
27 518 429
28 518 429
29 518 429
30 518 429
31 518 429
32 518 429
33 518 429
34 518 429
35 518 429
36 518 429
37 518 428
38 518 428
39 518 428
40 518 428
41 518 428
42 518 428
43 518 428
44 518 428
45 518 428
46 518 428
47 518 428
48 518 428
49 518 428
50 518 428
51 518 428
52 518 428
53 518 428
54 518 428
55 518 428
56 519 428
57 519 428
58 518 428
59 519 428
60 519 428
61 518 428
62 518 428
63 518 428
64 518 428
65 518 428
66 518 428
67 518 428
68 518 428
69 518 428
70 518 428
71 518 428
72 518 428
73 518 428
74 518 428
75 518 427
76 518 427
77 518 427
78 518 427
79 518 427
80 518 427
81 518 427
82 518 426
83 518 426
84 518 426
85 518 426
86 518 426
87 518 425
88 518 425
89 518 425
90 518 424
91 518 424
92 518 423
93 518 422
94 519 422
95 519 422
96 519 421
97 519 420
98 520 419
99 520 418
100 520 417
101 521 416
102 521 415
103 521 414
104 521 413
105 522 412
106 522 410
107 522 409
108 522 408
109 523 407
110 523 406
111 523 405
112 523 404
113 523 404
114 524 403
115 524 402
116 524 401
117 524 401
118 524 400
119 524 400
120 524 399
121 524 399
122 524 398
123 524 398
124 525 397
125 524 397
126 524 396
127 524 396
128 524 396
129 524 395
130 524 395
131 524 395
132 524 395
133 524 395
134 524 395
135 524 395
136 524 395
137 524 395
138 524 395
139 523 395
140 523 395
141 523 395
142 523 395
143 523 395
144 523 395
145 523 395
146 522 395
147 522 395
148 522 395
149 522 395
150 522 395
151 522 395
152 522 395
153 522 395
154 522 396
155 521 396
156 521 396
157 521 396
158 521 396
159 521 396
160 521 396
161 521 397
162 521 397
163 521 397
164 521 397
165 521 397
166 521 397
167 521 397
168 521 397
169 521 397
170 521 397
171 521 397
172 521 397
173 521 397
174 521 397
175 521 398
176 521 398
177 521 398
178 521 398
179 521 398
180 521 398
181 521 398
182 522 398
183 522 398
184 522 398
185 522 398
186 522 398
187 522 398
188 522 399
189 522 399
190 522 399
191 522 399
192 522 399
193 522 399
194 522 399
195 522 399
196 522 399
197 522 399
198 522 399
199 522 399
200 522 399
201 522 399
202 522 399
203 522 399
204 522 400
205 522 400
206 522 400
207 522 400
208 522 400
209 522 400
210 522 400
211 522 400
212 522 401
213 523 401
214 523 401
215 523 401
216 523 401
217 523 401
218 523 401
219 523 401
220 523 401
221 523 401
222 523 401
223 523 401
224 523 401
225 523 401
226 523 401
227 523 401
228 523 401
229 523 401
230 523 401
231 523 401
232 523 401
233 524 401
234 524 401
235 524 401
236 524 401
237 525 401
238 525 400
239 525 400
240 525 400
241 526 400
242 526 400
243 526 400
244 526 399
245 527 399
246 527 399
247 527 399
248 528 399
249 528 399
250 528 399
251 529 398
252 529 398
253 530 398
254 530 398
255 531 398
256 531 398
257 532 398
258 532 399
259 533 399
260 533 399
261 534 399
262 534 399
263 535 399
264 536 399
265 536 400
266 537 400
267 538 400
268 538 400
269 539 400
270 540 401
271 541 401
272 542 401
273 542 401
274 543 402
275 544 402
276 545 402
277 546 403
278 546 403
279 547 403
280 548 404
281 549 404
282 550 404
283 551 405
284 553 405
285 554 405
286 555 405
287 556 406
288 557 406
289 558 406
290 559 406
291 559 406
292 560 406
293 561 405
294 561 405
295 562 405
296 562 405
297 563 405
298 563 405
299 563 405
300 564 405
301 564 405
302 564 404
303 564 404
304 564 404
305 564 404
306 564 404
307 564 404
308 564 404
309 564 404
310 563 404
311 563 404
312 563 403
313 563 403
314 562 403
315 562 403
316 562 403
317 561 403
318 561 403
319 561 403
320 561 403
321 560 403
322 560 404
323 560 404
324 560 404
325 560 404
326 559 404
327 559 404
328 559 404
329 558 404
330 558 404
331 558 405
332 557 405
333 557 405
334 556 405
335 555 405
336 555 405
337 554 405
338 554 405
339 553 405
340 552 405
341 552 406
342 551 406
343 550 406
344 550 406
345 549 406
346 549 406
347 548 406
348 548 406
349 547 406
350 547 407
351 546 407
352 546 407
353 545 407
354 545 407
355 544 407
356 544 407
357 544 407
358 543 407
359 543 407
360 542 407
361 542 406
362 541 406
363 541 406
364 540 406
365 540 405
366 539 405
367 538 405
368 538 405
369 537 404
370 536 404
371 535 404
372 535 404
373 534 403
374 533 403
375 532 403
376 531 403
377 530 403
378 529 403
379 528 403
380 527 402
381 526 402
382 525 402
383 524 402
384 524 402
385 523 402
386 522 402
387 521 402
388 521 402
389 520 401
390 520 401
391 519 401
392 519 401
393 518 401
394 518 401
395 518 401
396 517 401
397 517 401
398 516 401
399 516 401
400 515 401
401 515 401
402 514 401
403 514 401
404 513 401
405 513 401
406 513 401
407 512 402
408 511 402
409 511 402
410 511 402
411 510 402
412 510 402
413 510 402
414 509 402
415 509 402
416 509 403
417 509 403
418 508 403
419 508 403
420 508 403
421 508 403
422 508 403
423 508 403
424 508 403
425 508 403
426 508 403
427 508 403
428 508 403
429 508 403
430 508 403
431 509 403
432 509 403
433 509 403
434 509 403
435 509 403
436 509 403
437 509 404
438 509 404
439 509 404
440 509 404
441 509 404
442 509 404
443 509 404
444 509 404
445 509 404
446 509 404
447 508 404
448 508 404
449 508 404
450 507 404
451 507 404
452 507 404
453 507 404
454 507 404
455 507 404
456 507 404
457 507 404
458 507 404
459 507 404
460 507 404
461 507 404
462 507 404
463 508 404
464 508 404
465 508 405
466 508 405
467 508 405
468 509 405
469 509 405
470 509 405
471 509 405
472 509 404
473 509 404
474 510 404
475 510 404
476 510 404
477 510 404
478 510 404
479 511 404
480 511 404
481 511 404
482 511 404
483 511 404
484 511 404
485 511 404
486 511 404
487 511 404
488 511 404
489 511 404
490 511 403
491 511 403
492 511 403
493 511 403
494 511 403
495 512 403
496 512 402
497 512 402
498 513 402
499 513 402
500 514 402
501 514 401
502 515 401
503 516 401
504 516 401
505 517 401
506 517 401
507 518 401
508 518 400
509 519 400
510 519 400
511 520 400
512 520 400
513 520 399
514 520 399
515 520 399
516 520 398
517 520 398
518 520 398
519 520 398
520 520 397
521 520 397
522 520 397
523 520 397
524 520 396
525 519 396
526 519 396
527 519 396
528 519 396
529 518 396
530 518 396
531 518 396
532 518 396
533 518 396
534 518 396
535 517 396
536 517 396
537 517 397
538 517 397
539 517 397
540 517 397
541 517 397
542 517 397
543 517 397
544 517 397
545 517 397
546 517 397
547 517 397
548 517 397
549 517 397
550 517 397
551 517 397
552 517 397
553 517 397
554 517 397
555 517 397
556 517 397
557 517 397
558 517 397
559 517 397
560 518 397
561 518 397
562 518 397
563 518 397
564 518 397
565 518 397
566 518 397
567 518 397
568 518 397
569 518 397
570 519 397
571 519 397
572 519 397
573 519 397
574 519 397
575 519 397
576 519 397
577 519 397
578 519 397
579 519 397
580 519 397
581 520 397
582 520 397
583 520 397
584 520 397
585 520 397
586 520 397
587 520 397
588 521 397
589 521 397
590 521 396
591 521 396
592 521 396
593 521 396
594 521 396
595 521 396
596 521 396
597 522 396
598 522 396
599 522 396
600 522 396
601 522 396
602 522 396
603 522 396
604 522 396
605 522 396
606 522 396
607 522 396
608 522 396
609 522 396
610 522 395
611 522 395
612 522 395
613 521 395
614 521 395
615 521 396
616 520 396
617 520 396
618 520 396
619 520 397
620 520 397
621 520 398
622 519 399
623 519 399
624 519 400
625 519 401
626 519 401
627 518 402
628 518 403
629 518 404
630 518 405
631 518 406
632 518 406
633 518 407
634 518 408
635 518 408
636 518 409
637 518 410
638 518 410
639 518 411
640 518 411
641 518 411
642 518 412
643 518 412
644 518 412
645 519 413
646 519 413
647 519 413
648 519 414
649 519 414
650 519 415
651 519 415
652 519 416
653 519 416
654 519 417
655 519 417
656 519 418
657 519 418
658 519 418
659 519 419
660 519 419
661 519 419
662 519 419
663 519 419
664 519 419
665 519 419
666 519 419
667 519 419
668 519 420
669 519 419
670 519 419
671 519 420
672 518 420
673 518 420
674 518 420
675 518 420
676 518 420
677 518 420
678 518 420
679 518 420
680 518 420
681 518 420
682 518 420
683 518 420
684 518 420
685 518 420
686 518 420
687 518 420
688 518 421
689 518 421
690 518 421
691 519 421
692 519 421
693 519 421
694 519 422
695 519 422
696 519 422
697 519 423
698 520 423
699 520 423
700 520 424
701 520 424
702 520 424
703 520 424
704 521 425
705 521 425
706 521 425
707 521 426
708 521 426
709 521 426
710 522 426
711 522 427
712 522 426
713 522 426
714 522 426
715 522 426
716 522 427
717 522 427
718 522 427
719 522 427
720 522 428
721 522 428
722 522 428
723 521 428
724 521 428
725 521 428
726 521 428
727 521 428
728 521 428
729 521 427
730 521 427
731 521 427
732 521 427
733 521 427
734 521 426
735 521 426
736 521 426
737 521 425
738 521 425
739 521 425
740 521 424
741 521 424
742 521 423
743 522 423
744 522 423
745 522 422
746 521 422
747 521 422
748 521 422
749 521 422
750 521 422
751 521 421
752 521 421
753 521 421
754 521 421
755 521 421
756 521 421
757 521 421
758 521 421
759 521 420
760 521 420
761 521 420
762 521 420
763 521 420
764 521 420
765 521 420
766 521 420
767 521 420
768 521 420
769 521 420
770 521 420
771 522 420
772 522 420
773 522 419
774 522 419
775 522 419
776 522 419
777 522 419
778 522 419
779 522 419
780 522 419
781 522 419
782 522 419
783 522 419
784 522 419
785 522 419
786 522 419
787 522 419
788 522 419
789 522 419
790 522 419
791 522 419
792 522 419
793 522 419
794 522 419
795 522 419
796 522 419
797 522 419
798 522 419
799 522 419
800 522 419
801 522 419
802 522 419
803 522 419
804 522 419
805 522 419
806 522 419
807 522 419
808 522 419
809 522 419
810 522 418
811 522 418
812 522 418
813 522 417
814 522 417
815 522 417
816 522 416
817 522 416
818 522 415
819 522 415
820 522 415
821 522 414
822 522 414
823 522 413
824 522 413
825 522 412
826 523 412
827 523 411
828 523 411
829 523 410
830 523 410
831 523 409
832 523 409
833 523 409
834 523 409
835 524 408
836 524 408
837 524 408
838 524 408
839 524 408
840 524 409
841 524 409
842 525 409
843 525 410
844 525 410
845 525 411
846 526 411
847 526 411
848 526 412
849 526 412
850 527 412
851 527 413
852 528 413
853 528 413
854 528 413
855 529 413
856 529 414
857 530 414
858 530 414
859 531 414
860 531 414
861 532 414
862 532 415
863 533 415
864 534 415
865 535 415
866 535 415
867 536 415
868 537 415
869 537 414
870 538 414
871 538 414
872 539 414
873 539 413
874 540 413
875 540 413
876 540 412
877 540 411
878 540 411
879 540 410
880 540 410
881 540 409
882 540 408
883 540 408
884 540 407
885 540 407
886 540 406
887 540 406
888 540 405
889 540 405
890 540 404
891 540 404
892 540 404
893 540 403
894 541 403
895 541 403
896 541 402
897 541 402
898 541 402
899 541 401
900 541 401
901 541 401
902 540 401
903 540 400
904 540 400
905 540 400
906 540 400
907 539 399
908 539 399
909 539 399
910 538 398
911 538 398
912 538 398
913 537 397
914 537 397
915 537 397
916 536 396
917 536 396
918 536 396
919 535 396
920 535 395
921 535 395
922 535 395
923 535 394
924 535 394
925 534 394
926 534 394
927 534 393
928 534 393
929 534 393
930 533 393
931 533 393
932 533 392
933 533 392
934 533 392
935 532 392
936 532 392
937 532 392
938 532 392
939 532 392
940 532 392
941 532 392
942 532 392
943 531 391
944 531 391
945 531 391
946 531 391
947 531 391
948 530 391
949 530 391
950 530 390
951 530 390
952 530 390
953 529 390
954 529 390
955 529 390
956 529 390
957 528 390
958 528 390
959 528 390
960 528 390
961 527 391
962 527 391
963 527 391
964 527 391
965 526 391
966 526 391
967 526 391
968 526 392
969 526 392
970 526 392
971 526 392
972 526 392
973 525 392
974 525 392
975 525 393
976 525 393
977 525 393
978 525 393
979 525 393
980 524 394
981 524 394
982 524 394
983 524 394
984 524 395
985 524 395
986 524 395
987 524 395
988 524 395
989 524 396
990 524 396
991 524 396
992 524 396
993 524 396
994 524 397
995 524 397
996 524 397
997 523 397
998 523 397
999 523 398
1000 523 398
1001 531 398
1002 523 398
1003 523 399
1004 523 399
1005 522 399
1006 522 400
1007 522 400
1008 522 400
1009 522 401
1010 522 401
1011 522 401
1012 522 402
1013 522 402
1014 522 402
1015 522 402
1016 522 403
1017 522 403
1018 522 403
1019 522 403
1020 522 404
1021 522 404
1022 522 404
1023 522 404
1024 522 405
1025 521 405
1026 521 405
1027 521 406
1028 521 406
1029 521 407
1030 521 407
1031 521 407
1032 521 408
1033 521 408
1034 521 408
1035 521 409
1036 521 409
1037 521 409
1038 521 410
1039 521 410
1040 522 410
1041 522 411
1042 522 411
1043 522 411
1044 522 411
1045 522 412
1046 522 412
1047 522 412
1048 522 412
1049 522 413
1050 522 413
1051 523 413
1052 523 413
1053 523 413
1054 523 413
1055 523 413
1056 523 413
1057 524 413
1058 524 413
1059 524 414
1060 524 414
1061 524 414
1062 524 414
1063 525 414
1064 525 414
1065 525 414
1066 525 413
1067 526 413
1068 526 413
1069 526 413
1070 526 413
1071 527 413
1072 527 413
1073 527 413
1074 528 413
1075 528 412
1076 528 412
1077 528 412
1078 528 412
1079 529 412
1080 529 412
1081 529 412
1082 529 412
1083 529 412
1084 529 412
1085 529 412
1086 529 411
1087 529 411
1088 529 411
1089 529 411
1090 529 411
1091 529 411
1092 529 410
1093 529 410
1094 529 410
1095 529 410
1096 529 410
1097 529 410
1098 530 411
1099 530 411
1100 530 411
1101 530 411
1102 530 412
1103 530 412
1104 530 412
1105 530 412
1106 530 412
1107 530 412
1108 530 412
1109 530 412
1110 530 412
1111 530 411
1112 530 411
1113 531 411
1114 531 411
1115 531 411
1116 531 411
1117 531 410
1118 531 410
1119 532 410
1120 532 409
1121 532 409
1122 532 408
1123 532 408
1124 532 408
1125 532 407
1126 533 407
1127 533 406
1128 533 406
1129 533 406
1130 533 406
1131 533 405
1132 533 405
1133 533 405
1134 532 405
1135 533 405
1136 532 405
1137 532 405
1138 532 405
1139 532 405
1140 532 405
1141 532 405
1142 532 405
1143 531 405
1144 531 405
1145 531 405
1146 531 405
1147 531 406
1148 531 406
1149 531 406
1150 531 406
1151 531 407
1152 531 407
1153 531 407
1154 531 408
1155 531 408
1156 531 408
1157 530 408
1158 530 408
1159 530 408
1160 530 408
1161 531 408
1162 530 407
1163 530 407
1164 531 407
1165 531 407
1166 531 406
1167 531 406
1168 531 406
1169 531 406
1170 531 406
1171 531 406
1172 531 406
1173 531 406
1174 531 406
1175 531 406
1176 531 406
1177 531 406
1178 531 406
1179 531 406
1180 531 406
1181 531 406
1182 532 406
1183 532 406
1184 532 406
1185 532 406
1186 532 405
1187 532 405
1188 532 405
1189 532 405
1190 532 405
1191 532 405
1192 532 405
1193 533 405
1194 533 405
1195 533 405
1196 533 404
1197 533 404
1198 533 404
1199 532 404
1200 532 404
1201 532 404
1202 532 404
1203 532 404
1204 532 404
1205 532 404
1206 532 404
1207 531 404
1208 531 404
1209 531 404
1210 531 404
1211 531 404
1212 530 404
1213 530 404
1214 530 404
1215 529 405
1216 529 405
1217 529 405
1218 529 405
1219 529 405
1220 528 405
1221 528 406
1222 528 406
1223 528 406
1224 528 406
1225 528 406
1226 528 407
1227 527 407
1228 527 407
1229 527 407
1230 527 407
1231 527 407
1232 527 407
1233 527 407
1234 526 407
1235 526 407
1236 526 406
1237 526 406
1238 526 406
1239 525 406
1240 525 406
1241 525 406
1242 525 406
1243 525 406
1244 524 405
1245 524 405
1246 524 405
1247 524 405
1248 524 405
1249 523 405
1250 523 405
1251 523 405
1252 523 405
1253 523 405
1254 523 405
1255 523 405
1256 523 405
1257 522 405
1258 522 405
1259 522 405
1260 522 404
1261 522 404
1262 521 404
1263 521 404
1264 521 404
1265 521 404
1266 521 403
1267 520 403
1268 520 403
1269 520 403
1270 520 402
1271 519 402
1272 519 401
1273 519 401
1274 518 401
1275 518 400
1276 518 399
1277 517 399
1278 517 399
1279 517 398
1280 517 398
1281 517 397
1282 517 396
1283 517 396
1284 517 395
1285 517 395
1286 517 394
1287 518 393
1288 518 393
1289 518 392
1290 518 392
1291 518 391
1292 519 391
1293 519 391
1294 519 390
1295 519 390
1296 520 390
1297 520 389
1298 520 389
1299 520 389
1300 520 389
1301 520 389
1302 520 388
1303 521 388
1304 521 388
1305 521 388
1306 521 388
1307 522 388
1308 522 388
1309 522 388
1310 523 388
1311 523 388
1312 523 388
1313 523 388
1314 524 388
1315 524 388
1316 524 388
1317 524 389
1318 524 389
1319 525 389
1320 525 390
1321 525 390
1322 526 390
1323 526 391
1324 526 391
1325 526 391
1326 526 392
1327 526 392
1328 527 392
1329 527 393
1330 527 393
1331 527 393
1332 527 394
1333 528 394
1334 528 395
1335 528 395
1336 528 395
1337 528 396
1338 528 396
1339 529 397
1340 529 397
1341 529 398
1342 529 398
1343 530 399
1344 530 399
1345 530 400
1346 530 400
1347 530 400
1348 530 401
1349 530 401
1350 530 402
1351 530 402
1352 530 403
1353 530 403
1354 530 403
1355 530 404
1356 530 404
1357 530 405
1358 530 405
1359 530 406
1360 531 406
1361 531 407
1362 531 407
1363 531 407
1364 531 408
1365 531 408
1366 532 409
1367 532 409
1368 532 410
1369 532 410
1370 532 411
1371 533 411
1372 533 412
1373 533 412
1374 533 412
1375 534 413
1376 534 413
1377 534 414
1378 534 414
1379 534 415
1380 534 415
1381 534 415
1382 534 416
1383 534 416
1384 535 416
1385 535 416
1386 535 416
1387 535 417
1388 535 417
1389 535 417
1390 535 417
1391 535 417
1392 534 417
1393 534 417
1394 534 417
1395 534 418
1396 534 418
1397 534 418
1398 534 418
1399 534 418
1400 534 418
1401 534 418
1402 534 418
1403 534 418
1404 533 418
1405 533 418
1406 533 418
1407 534 418
1408 534 418
1409 534 418
1410 534 418
1411 534 417
1412 534 417
1413 534 417
1414 534 417
1415 534 417
1416 534 416
1417 534 416
1418 534 416
1419 534 416
1420 534 416
1421 534 415
1422 534 415
1423 534 415
1424 535 415
1425 535 415
1426 534 415
1427 534 414
1428 534 414
1429 534 414
1430 534 414
1431 534 414
1432 534 414
1433 533 414
1434 533 413
1435 533 413
1436 533 413
1437 533 413
1438 533 413
1439 533 413
1440 533 413
1441 533 413
1442 533 413
1443 533 413
1444 533 413
1445 533 413
1446 533 413
1447 533 413
1448 533 412
1449 533 412
1450 533 412
1451 533 412
1452 533 412
1453 533 411
1454 533 411
1455 533 411
1456 533 411
1457 533 411
1458 533 411
1459 532 412
1460 532 412
1461 532 412
1462 532 412
1463 532 412
1464 532 412
1465 532 412
1466 532 412
1467 532 412
1468 532 412
1469 532 412
1470 532 413
1471 532 413
1472 532 413
1473 532 413
1474 531 413
1475 531 413
1476 531 413
1477 531 413
1478 531 413
1479 531 413
1480 531 414
1481 531 414
1482 531 414
1483 531 414
1484 531 414
1485 531 414
1486 531 415
1487 531 415
1488 531 415
1489 531 415
1490 531 415
1491 531 415
1492 531 415
1493 531 415
1494 531 415
1495 531 415
1496 531 416
1497 531 416
1498 531 415
1499 531 415
1500 531 415
1501 531 415
1502 531 415
1503 531 414
1504 531 414
1505 531 414
1506 531 413
1507 531 413
1508 531 412
1509 531 412
1510 531 412
1511 532 411
1512 532 411
1513 532 411
1514 532 410
1515 532 410
1516 532 410
1517 532 409
1518 532 409
1519 532 409
1520 532 409
1521 532 408
1522 532 408
1523 532 408
1524 532 408
1525 531 407
1526 531 407
1527 531 407
1528 530 407
1529 530 407
1530 529 407
1531 528 406
1532 528 406
1533 527 406
1534 526 406
1535 525 406
1536 524 406
1537 523 406
1538 522 405
1539 521 405
1540 519 405
1541 518 405
1542 517 405
1543 515 405
1544 514 405
1545 513 405
1546 512 405
1547 511 405
1548 510 405
1549 509 405
1550 508 405
1551 508 405
1552 507 405
1553 507 404
1554 507 404
1555 507 404
1556 507 404
1557 507 404
1558 507 404
1559 507 404
1560 507 404
1561 508 404
1562 508 404
1563 508 404
1564 508 404
1565 509 404
1566 509 404
1567 509 404
1568 509 404
1569 510 404
1570 510 404
1571 510 404
1572 510 404
1573 511 404
1574 511 404
1575 511 404
1576 512 404
1577 512 404
1578 512 404
1579 513 404
1580 513 404
1581 514 404
1582 514 404
1583 514 404
1584 515 404
1585 515 404
1586 516 405
1587 516 405
1588 516 405
1589 516 405
1590 517 405
1591 517 405
1592 517 405
1593 517 405
1594 518 405
1595 518 405
1596 518 405
1597 518 405
1598 518 405
1599 518 405
1600 519 405
1601 519 405
1602 519 405
1603 519 405
1604 519 406
1605 520 406
1606 520 406
1607 520 406
1608 520 406
1609 520 406
1610 520 405
1611 520 405
1612 520 405
1613 520 405
1614 520 405
1615 520 405
1616 520 405
1617 520 405
1618 520 406
1619 520 406
1620 520 406
1621 520 406
1622 520 406
1623 520 406
1624 521 406
1625 521 407
1626 521 407
1627 520 407
1628 521 407
1629 521 407
1630 521 407
1631 521 407
1632 521 407
1633 521 407
1634 521 407
1635 521 406
1636 521 406
1637 521 406
1638 521 406
1639 521 406
1640 521 406
1641 521 406
1642 521 406
1643 521 406
1644 521 406
1645 522 406
1646 522 406
1647 522 406
1648 522 406
1649 522 406
1650 522 406
1651 522 406
1652 522 407
1653 522 407
1654 522 407
1655 522 407
1656 522 407
1657 522 408
1658 522 408
1659 522 408
1660 522 408
1661 522 409
1662 522 409
1663 522 409
1664 522 409
1665 522 410
1666 522 410
1667 522 410
1668 522 411
1669 522 411
1670 522 411
1671 522 412
1672 522 412
1673 522 412
1674 522 413
1675 522 413
1676 522 413
1677 522 414
1678 522 414
1679 522 414
1680 522 414
1681 522 415
1682 522 415
1683 522 415
1684 522 415
1685 521 415
1686 521 415
1687 521 416
1688 521 416
1689 521 416
1690 521 416
1691 521 416
1692 521 416
1693 521 417
1694 521 417
1695 521 417
1696 521 417
1697 521 417
1698 521 417
1699 521 417
1700 521 417
1701 521 417
1702 521 417
1703 521 417
1704 521 417
1705 521 417
1706 521 418
1707 522 418
1708 522 418
1709 522 418
1710 522 418
1711 522 418
1712 522 419
1713 522 419
1714 522 419
1715 522 419
1716 522 419
1717 523 419
1718 523 419
1719 523 419
1720 523 419
1721 523 419
1722 524 419
1723 524 419
1724 524 419
1725 524 419
1726 525 419
1727 525 419
1728 525 418
1729 525 418
1730 526 418
1731 526 418
1732 526 417
1733 526 417
1734 527 417
1735 527 417
1736 527 417
1737 527 417
1738 527 417
1739 527 417
1740 528 417
1741 528 417
1742 528 417
1743 528 418
1744 528 418
1745 528 418
1746 528 418
1747 529 418
1748 529 418
1749 529 418
1750 529 418
1751 529 419
1752 529 419
1753 529 419
1754 530 419
1755 530 420
1756 530 420
1757 530 420
1758 530 420
1759 530 420
1760 530 420
1761 530 421
1762 531 421
1763 531 421
1764 531 421
1765 531 421
1766 531 421
1767 531 421
1768 531 421
1769 531 421
1770 531 421
1771 531 421
1772 531 421
1773 531 421
1774 531 421
1775 531 421
1776 531 421
1777 531 421
1778 531 421
1779 531 421
1780 531 421
1781 531 421
1782 531 421
1783 531 421
1784 531 421
1785 531 421
1786 531 421
1787 531 421
1788 531 420
1789 531 420
1790 531 420
1791 530 420
1792 530 420
1793 530 421
1794 530 421
1795 530 421
1796 530 421
1797 530 421
1798 530 421
1799 530 421
1800 530 421
1801 530 421
1802 530 421
1803 530 421
1804 530 421
1805 530 421
1806 530 421
1807 530 421
1808 530 421
1809 530 421
1810 530 421
1811 530 421
1812 530 421
1813 530 421
1814 530 421
1815 530 421
1816 530 421
1817 530 421
1818 530 421
1819 530 421
1820 530 421
1821 530 421
1822 530 421
1823 530 421
1824 530 421
1825 530 421
1826 530 421
1827 530 421
1828 530 421
1829 530 421
1830 530 421
1831 530 420
1832 530 420
1833 530 420
1834 530 420
1835 530 420
1836 530 420
1837 530 420
1838 530 420
1839 530 419
1840 529 419
1841 529 419
1842 529 419
1843 529 419
1844 529 419
1845 529 419
1846 529 419
1847 529 419
1848 529 419
1849 529 419
1850 529 419
1851 529 419
1852 529 419
1853 529 419
1854 529 419
1855 529 419
1856 529 419
1857 529 419
1858 529 419
