1 376 406
2 375 406
3 375 406
4 375 406
5 375 406
6 375 406
7 375 406
8 375 406
9 375 406
10 375 406
11 375 406
12 375 406
13 375 406
14 375 406
15 375 406
16 375 406
17 375 406
18 375 406
19 375 406
20 375 406
21 375 406
22 375 406
23 375 406
24 375 406
25 375 406
26 375 406
27 375 406
28 375 406
29 375 406
30 375 406
31 375 406
32 375 406
33 375 406
34 375 406
35 375 406
36 375 406
37 375 406
38 375 406
39 375 406
40 375 406
41 375 406
42 375 406
43 375 406
44 375 406
45 375 406
46 375 406
47 375 406
48 375 406
49 375 406
50 375 406
51 375 406
52 375 406
53 375 406
54 375 406
55 375 406
56 375 406
57 375 406
58 375 406
59 375 406
60 375 406
61 375 406
62 375 406
63 375 406
64 375 406
65 375 406
66 375 406
67 375 406
68 375 406
69 375 406
70 375 406
71 375 406
72 375 406
73 375 406
74 375 406
75 375 406
76 375 406
77 375 406
78 375 406
79 375 406
80 375 406
81 375 406
82 375 406
83 375 406
84 375 406
85 375 406
86 375 406
87 375 406
88 375 406
89 375 405
90 375 405
91 375 405
92 375 406
93 375 406
94 375 406
95 375 407
96 375 407
97 375 407
98 376 408
99 376 408
100 376 408
101 376 408
102 376 408
103 376 407
104 376 407
105 377 407
106 377 408
107 377 408
108 377 408
109 377 407
110 378 407
111 378 407
112 378 407
113 378 407
114 378 407
115 378 406
116 379 406
117 379 406
118 379 406
119 379 406
120 379 405
121 379 405
122 379 406
123 379 406
124 379 405
125 379 405
126 379 404
127 379 404
128 379 404
129 379 403
130 379 403
131 379 403
132 379 403
133 379 402
134 379 402
135 379 402
136 379 402
137 378 402
138 378 401
139 378 401
140 378 401
141 378 401
142 378 401
143 377 400
144 377 400
145 377 400
146 377 400
147 377 400
148 377 400
149 377 400
150 377 400
151 376 400
152 376 400
153 376 400
154 376 400
155 376 400
156 376 400
157 376 400
158 375 400
159 375 400
160 375 400
161 375 400
162 375 400
163 375 400
164 375 400
165 375 400
166 375 400
167 375 400
168 375 400
169 375 400
170 375 400
171 375 400
172 375 400
173 375 401
174 375 401
175 375 401
176 375 401
177 375 401
178 375 401
179 375 401
180 376 401
181 376 401
182 376 401
183 376 401
184 376 401
185 376 401
186 376 401
187 376 401
188 376 401
189 376 401
190 376 401
191 376 401
192 376 401
193 376 401
194 376 401
195 376 401
196 376 401
197 376 402
198 376 402
199 376 402
200 376 402
201 376 402
202 376 402
203 376 402
204 376 402
205 376 403
206 376 403
207 376 403
208 376 403
209 377 403
210 377 403
211 377 403
212 377 404
213 377 404
214 377 404
215 377 404
216 377 404
217 377 404
218 377 404
219 377 405
220 377 405
221 377 405
222 377 405
223 377 405
224 377 406
225 377 406
226 377 406
227 377 407
228 377 407
229 377 407
230 377 408
231 377 409
232 378 409
233 378 410
234 378 410
235 379 410
236 379 411
237 379 411
238 379 411
239 379 411
240 380 411
241 380 411
242 380 411
243 380 411
244 380 411
245 380 411
246 380 411
247 381 411
248 381 411
249 381 412
250 382 411
251 382 411
252 382 411
253 382 411
254 382 412
255 383 412
256 383 412
257 383 412
258 383 412
259 384 412
260 384 412
261 384 412
262 384 412
263 385 412
264 385 412
265 386 413
266 386 413
267 386 413
268 387 413
269 387 413
270 388 413
271 388 413
272 389 413
273 389 413
274 390 414
275 390 414
276 391 414
277 392 414
278 392 415
279 393 415
280 394 415
281 394 415
282 395 415
283 396 415
284 397 415
285 397 416
286 398 416
287 399 415
288 400 415
289 400 415
290 401 415
291 401 415
292 402 415
293 402 414
294 403 414
295 403 414
296 403 414
297 404 413
298 404 413
299 404 412
300 404 412
301 404 412
302 405 412
303 405 412
304 405 412
305 405 412
306 405 412
307 405 412
308 404 411
309 404 411
310 404 411
311 404 411
312 404 412
313 404 411
314 404 411
315 403 411
316 403 411
317 403 411
318 403 411
319 403 411
320 402 412
321 402 412
322 402 412
323 402 412
324 402 412
325 402 412
326 401 412
327 401 413
328 401 413
329 401 413
330 400 413
331 400 413
332 400 413
333 400 414
334 399 414
335 399 414
336 398 414
337 398 414
338 397 415
339 397 415
340 397 415
341 397 416
342 396 416
343 396 416
344 396 417
345 395 417
346 395 417
347 395 418
348 395 418
349 394 419
350 394 419
351 394 419
352 393 419
353 393 419
354 393 419
355 393 419
356 392 419
357 392 419
358 392 419
359 391 419
360 391 419
361 391 419
362 391 419
363 390 418
364 390 418
365 389 417
366 389 417
367 388 417
368 388 416
369 387 416
370 387 416
371 386 415
372 386 415
373 385 415
374 385 414
375 384 414
376 383 414
377 383 413
378 382 413
379 382 413
380 381 412
381 380 412
382 380 412
383 379 412
384 379 411
385 378 411
386 378 411
387 377 411
388 377 411
389 377 410
390 376 410
391 376 410
392 376 410
393 376 410
394 375 410
395 375 410
396 375 409
397 374 409
398 374 409
399 374 409
400 373 409
401 373 408
402 373 408
403 372 408
404 372 408
405 372 408
406 371 408
407 371 408
408 371 408
409 370 408
410 370 408
411 370 408
412 370 408
413 369 408
414 369 408
415 369 408
416 369 408
417 368 409
418 368 409
419 368 408
420 368 408
421 368 408
422 368 408
423 368 408
424 368 408
425 368 408
426 368 408
427 368 408
428 368 408
429 368 408
430 368 408
431 368 408
432 368 408
433 368 408
434 368 408
435 368 408
436 368 408
437 369 408
438 369 408
439 369 408
440 369 408
441 369 408
442 369 408
443 369 408
444 369 408
445 368 408
446 368 408
447 368 408
448 368 408
449 368 408
450 368 408
451 368 408
452 368 408
453 367 408
454 367 408
455 367 408
456 367 408
457 367 408
458 367 408
459 367 408
460 368 408
461 368 408
462 368 408
463 368 408
464 368 408
465 368 408
466 368 408
467 369 408
468 369 408
469 369 408
470 369 408
471 369 408
472 369 408
473 369 408
474 370 409
475 370 409
476 370 409
477 370 408
478 370 408
479 370 408
480 370 408
481 370 408
482 370 408
483 370 408
484 370 408
485 370 408
486 370 407
487 370 407
488 370 407
489 370 407
490 370 407
491 370 407
492 370 407
493 370 407
494 370 407
495 370 408
496 370 408
497 371 408
498 371 409
499 371 409
500 372 410
501 373 411
502 373 412
503 374 412
504 374 412
505 375 413
506 376 414
507 377 414
508 377 414
509 377 414
510 378 414
511 378 414
512 378 414
513 378 414
514 378 413
515 378 413
516 379 413
517 379 412
518 379 412
519 379 412
520 379 411
521 379 411
522 379 411
523 379 410
524 379 410
525 379 409
526 379 409
527 379 408
528 379 408
529 379 408
530 379 408
531 379 408
532 379 408
533 379 408
534 379 407
535 379 407
536 378 407
537 378 407
538 378 407
539 378 407
540 378 407
541 378 407
542 378 407
543 378 407
544 378 407
545 378 407
546 377 407
547 377 407
548 377 407
549 377 407
550 377 407
551 377 407
552 377 407
553 377 407
554 377 407
555 377 407
556 377 407
557 377 407
558 377 407
559 377 407
560 377 407
561 377 407
562 377 407
563 377 407
564 378 407
565 378 407
566 378 407
567 378 407
568 378 407
569 378 406
570 378 406
571 378 407
572 378 407
573 378 406
574 378 406
575 378 406
576 378 407
577 378 407
578 378 407
579 378 407
580 378 407
581 378 407
582 379 407
583 379 407
584 379 407
585 379 407
586 379 407
587 379 407
588 379 407
589 379 406
590 379 406
591 379 406
592 379 406
593 379 406
594 379 406
595 379 405
596 379 405
597 379 405
598 379 405
599 379 405
600 379 405
601 378 405
602 378 405
603 378 404
604 377 404
605 377 404
606 377 405
607 377 405
608 377 405
609 377 405
610 377 406
611 377 407
612 377 408
613 377 408
614 377 409
615 378 410
616 378 411
617 378 412
618 378 412
619 378 412
620 378 413
621 378 413
622 378 414
623 377 414
624 377 415
625 377 415
626 377 416
627 377 417
628 377 417
629 377 418
630 377 418
631 376 419
632 376 419
633 376 420
634 376 420
635 376 420
636 376 420
637 375 421
638 375 421
639 375 421
640 375 421
641 375 421
642 375 421
643 375 421
644 375 421
645 375 421
646 375 421
647 375 422
648 375 422
649 375 422
650 375 422
651 375 423
652 375 423
653 375 423
654 375 424
655 375 424
656 375 424
657 375 425
658 375 425
659 375 425
660 375 425
661 375 425
662 375 425
663 375 425
664 375 425
665 374 425
666 374 425
667 374 425
668 374 425
669 374 425
670 374 425
671 374 425
672 374 425
673 374 425
674 374 425
675 374 426
676 374 425
677 374 425
678 374 426
679 374 426
680 374 426
681 374 426
682 374 426
683 374 426
684 374 426
685 374 426
686 374 426
687 374 426
688 374 427
689 375 427
690 375 427
691 375 427
692 375 427
693 375 427
694 375 427
695 375 428
696 375 428
697 375 428
698 376 428
699 376 429
700 376 429
701 376 429
702 376 429
703 376 429
704 377 430
705 377 430
706 377 430
707 377 430
708 378 430
709 378 431
710 378 431
711 379 431
712 380 432
713 381 433
714 382 434
715 383 435
716 384 436
717 385 437
718 386 438
719 387 438
720 387 438
721 388 438
722 388 437
723 388 437
724 388 437
725 388 436
726 388 436
727 388 436
728 388 436
729 388 436
730 387 436
731 387 435
732 387 435
733 387 435
734 387 435
735 387 435
736 387 434
737 387 434
738 387 434
739 387 434
740 387 434
741 387 434
742 387 433
743 387 433
744 386 433
745 386 433
746 386 433
747 386 433
748 386 433
749 386 433
750 386 433
751 386 433
752 386 434
753 386 434
754 386 434
755 386 434
756 386 433
757 386 433
758 386 434
759 386 434
760 386 434
761 386 433
762 386 433
763 386 433
764 386 433
765 386 433
766 386 433
767 386 433
768 386 434
769 386 434
770 386 434
771 386 434
772 386 434
773 386 433
774 386 433
775 386 433
776 386 433
777 386 433
778 387 433
779 387 433
780 387 433
781 387 433
782 387 433
783 387 433
784 387 433
785 387 433
786 387 433
787 387 433
788 387 433
789 387 433
790 387 433
791 387 433
792 387 433
793 387 433
794 387 433
795 387 433
796 387 433
797 387 433
798 387 433
799 387 433
800 387 433
801 386 433
802 386 433
803 386 433
804 386 434
805 386 434
806 387 434
807 386 434
808 387 434
809 387 433
810 387 433
811 387 433
812 387 433
813 387 433
814 387 433
815 387 433
816 387 433
817 387 433
818 386 433
819 386 433
820 386 433
821 386 432
822 386 432
823 385 431
824 385 431
825 386 431
826 386 430
827 386 430
828 386 430
829 386 429
830 386 428
831 385 428
832 385 427
833 385 427
834 385 427
835 385 427
836 385 427
837 385 427
838 385 427
839 386 427
840 386 428
841 386 428
842 386 428
843 386 428
844 386 428
845 386 428
846 386 429
847 386 429
848 386 428
849 386 429
850 386 429
851 387 429
852 387 430
853 387 430
854 387 430
855 388 430
856 388 429
857 388 429
858 388 429
859 388 429
860 389 429
861 389 429
862 389 430
863 390 430
864 390 429
865 390 429
866 391 429
867 391 428
868 391 428
869 391 427
870 392 427
871 392 428
872 393 428
873 393 428
874 393 427
875 393 426
876 393 424
877 392 424
878 393 423
879 393 423
880 392 422
881 392 422
882 393 422
883 392 422
884 392 421
885 392 420
886 392 420
887 392 419
888 392 418
889 392 418
890 392 418
891 392 418
892 392 418
893 392 417
894 392 417
895 392 416
896 392 416
897 392 416
898 392 416
899 393 416
900 393 416
901 393 416
902 393 416
903 393 415
904 393 415
905 393 415
906 393 414
907 393 414
908 392 414
909 392 414
910 392 414
911 392 414
912 392 414
913 392 414
914 392 414
915 392 414
916 392 414
917 392 414
918 392 414
919 392 414
920 391 414
921 391 414
922 391 414
923 391 414
924 391 414
925 391 414
926 390 413
927 390 413
928 390 413
929 390 413
930 390 414
931 390 414
932 390 413
933 389 413
934 389 413
935 389 413
936 389 413
937 388 412
938 388 412
939 388 411
940 388 411
941 388 411
942 387 411
943 387 411
944 388 411
945 387 411
946 387 410
947 387 410
948 387 410
949 387 410
950 387 410
951 387 410
952 386 410
953 386 410
954 386 410
955 386 411
956 386 410
957 386 410
958 386 410
959 386 410
960 385 411
961 385 411
962 385 411
963 385 412
964 385 412
965 385 413
966 385 413
967 385 413
968 385 413
969 385 413
970 385 413
971 385 413
972 385 413
973 385 413
974 385 414
975 385 414
976 385 414
977 384 414
978 384 414
979 384 414
980 384 414
981 383 414
982 383 414
983 383 414
984 383 414
985 383 414
986 382 414
987 382 414
988 382 415
989 382 415
990 382 414
991 381 414
992 381 414
993 381 414
994 381 414
995 381 415
996 381 415
997 381 415
998 381 414
999 380 414
1000 380 414
1001 388 413
1002 380 413
1003 379 413
1004 379 413
1005 379 414
1006 379 413
1007 379 413
1008 378 413
1009 378 413
1010 378 413
1011 378 413
1012 377 413
1013 377 413
1014 377 413
1015 377 413
1016 377 413
1017 377 413
1018 377 413
1019 377 413
1020 377 413
1021 377 414
1022 377 414
1023 377 414
1024 377 414
1025 377 414
1026 377 414
1027 377 415
1028 376 415
1029 376 415
1030 376 415
1031 376 415
1032 376 416
1033 376 416
1034 376 416
1035 376 416
1036 376 416
1037 376 417
1038 376 417
1039 376 417
1040 376 417
1041 376 417
1042 376 417
1043 376 418
1044 377 418
1045 377 418
1046 377 418
1047 377 418
1048 377 419
1049 377 419
1050 377 419
1051 377 419
1052 377 419
1053 377 419
1054 378 419
1055 378 419
1056 378 420
1057 378 420
1058 378 420
1059 378 420
1060 378 420
1061 379 420
1062 379 420
1063 379 420
1064 379 420
1065 379 420
1066 380 420
1067 380 420
1068 380 420
1069 380 420
1070 380 420
1071 381 420
1072 381 421
1073 382 421
1074 382 421
1075 382 421
1076 383 422
1077 383 422
1078 384 423
1079 384 423
1080 384 424
1081 384 423
1082 384 423
1083 384 423
1084 385 423
1085 385 423
1086 385 423
1087 385 422
1088 385 422
1089 385 422
1090 385 422
1091 385 422
1092 385 422
1093 385 422
1094 385 422
1095 386 422
1096 386 422
1097 386 423
1098 386 423
1099 386 423
1100 386 423
1101 386 423
1102 386 424
1103 386 424
1104 387 424
1105 387 424
1106 387 424
1107 387 424
1108 388 424
1109 389 425
1110 389 425
1111 390 425
1112 391 425
1113 391 425
1114 391 425
1115 392 425
1116 392 425
1117 393 425
1118 393 424
1119 393 424
1120 393 424
1121 393 424
1122 394 423
1123 394 423
1124 394 423
1125 394 423
1126 394 423
1127 394 423
1128 394 423
1129 394 423
1130 394 423
1131 394 423
1132 394 423
1133 394 423
1134 394 423
1135 394 423
1136 394 423
1137 394 423
1138 394 423
1139 394 423
1140 394 423
1141 394 423
1142 394 423
1143 394 423
1144 394 423
1145 394 423
1146 394 424
1147 393 424
1148 393 424
1149 393 424
1150 393 424
1151 393 425
1152 393 425
1153 393 425
1154 393 425
1155 393 425
1156 393 425
1157 393 426
1158 393 425
1159 393 425
1160 393 425
1161 392 425
1162 392 425
1163 392 425
1164 392 425
1165 392 425
1166 391 425
1167 391 424
1168 391 424
1169 391 424
1170 391 424
1171 391 425
1172 391 425
1173 391 425
1174 391 424
1175 390 424
1176 390 424
1177 390 424
1178 390 424
1179 390 424
1180 390 424
1181 391 425
1182 391 425
1183 391 424
1184 391 424
1185 391 424
1186 391 424
1187 391 423
1188 391 423
1189 391 422
1190 390 422
1191 390 422
1192 390 422
1193 391 422
1194 390 421
1195 390 421
1196 391 421
1197 391 421
1198 390 420
1199 390 420
1200 390 419
1201 390 419
1202 390 418
1203 390 418
1204 389 418
1205 389 418
1206 389 417
1207 389 417
1208 388 417
1209 388 417
1210 388 417
1211 388 417
1212 388 418
1213 388 417
1214 387 417
1215 387 417
1216 387 418
1217 387 418
1218 387 419
1219 387 420
1220 387 420
1221 387 420
1222 387 420
1223 387 420
1224 386 420
1225 386 421
1226 386 421
1227 386 421
1228 386 421
1229 386 421
1230 386 421
1231 386 421
1232 386 422
1233 386 422
1234 386 421
1235 385 421
1236 385 421
1237 385 421
1238 385 421
1239 385 421
1240 385 421
1241 385 421
1242 384 420
1243 384 420
1244 384 420
1245 384 420
1246 383 419
1247 383 419
1248 383 419
1249 383 418
1250 382 418
1251 382 418
1252 382 418
1253 382 418
1254 382 417
1255 381 417
1256 381 417
1257 381 417
1258 381 417
1259 381 417
1260 381 417
1261 381 417
1262 381 417
1263 381 416
1264 380 416
1265 380 415
1266 379 415
1267 379 414
1268 379 414
1269 379 413
1270 378 412
1271 378 412
1272 378 411
1273 378 410
1274 378 409
1275 377 409
1276 377 408
1277 377 408
1278 377 408
1279 378 408
1280 378 408
1281 378 407
1282 378 407
1283 378 406
1284 378 406
1285 378 406
1286 378 405
1287 378 405
1288 378 404
1289 378 404
1290 379 404
1291 379 403
1292 379 403
1293 379 403
1294 379 403
1295 379 403
1296 380 402
1297 380 402
1298 380 402
1299 380 402
1300 380 402
1301 380 402
1302 381 401
1303 381 402
1304 381 402
1305 381 401
1306 381 401
1307 381 401
1308 381 401
1309 381 401
1310 381 401
1311 381 401
1312 381 401
1313 381 402
1314 381 402
1315 381 402
1316 381 402
1317 381 402
1318 381 402
1319 381 402
1320 381 403
1321 381 403
1322 381 403
1323 382 403
1324 382 404
1325 382 404
1326 382 404
1327 382 405
1328 382 405
1329 382 405
1330 382 406
1331 382 406
1332 382 406
1333 382 406
1334 382 407
1335 382 407
1336 382 408
1337 382 408
1338 382 408
1339 382 409
1340 382 409
1341 382 410
1342 382 410
1343 382 410
1344 382 411
1345 383 411
1346 383 411
1347 383 411
1348 383 412
1349 383 412
1350 382 412
1351 382 412
1352 382 412
1353 382 413
1354 382 413
1355 382 413
1356 382 414
1357 382 414
1358 382 414
1359 382 415
1360 382 415
1361 382 415
1362 382 416
1363 382 416
1364 382 417
1365 382 417
1366 382 417
1367 382 417
1368 382 417
1369 383 418
1370 383 418
1371 383 418
1372 383 418
1373 383 419
1374 383 419
1375 383 419
1376 383 419
1377 383 420
1378 383 420
1379 383 420
1380 383 420
1381 383 420
1382 383 421
1383 383 421
1384 383 421
1385 383 421
1386 383 421
1387 383 421
1388 383 421
1389 383 421
1390 383 421
1391 383 421
1392 383 422
1393 383 422
1394 383 422
1395 383 422
1396 383 422
1397 383 422
1398 383 422
1399 383 422
1400 383 422
1401 383 422
1402 382 422
1403 382 422
1404 382 422
1405 382 422
1406 382 422
1407 383 422
1408 383 422
1409 383 422
1410 383 422
1411 383 422
1412 383 422
1413 383 422
1414 383 421
1415 383 421
1416 383 421
1417 383 421
1418 383 421
1419 383 421
1420 384 421
1421 384 421
1422 384 421
1423 384 421
1424 384 421
1425 384 421
1426 384 421
1427 384 421
1428 384 420
1429 384 420
1430 384 420
1431 384 420
1432 383 420
1433 383 420
1434 383 420
1435 383 420
1436 383 420
1437 383 419
1438 383 419
1439 383 419
1440 383 420
1441 383 420
1442 384 420
1443 384 420
1444 384 421
1445 384 421
1446 384 421
1447 385 422
1448 385 422
1449 386 423
1450 387 424
1451 387 425
1452 388 425
1453 389 426
1454 389 426
1455 390 426
1456 390 426
1457 390 426
1458 390 426
1459 391 426
1460 391 427
1461 391 427
1462 391 427
1463 392 427
1464 392 427
1465 392 427
1466 392 427
1467 392 427
1468 392 427
1469 392 427
1470 392 427
1471 392 427
1472 392 427
1473 392 427
1474 392 427
1475 392 427
1476 392 427
1477 392 427
1478 392 427
1479 392 427
1480 392 427
1481 391 427
1482 391 427
1483 391 427
1484 391 427
1485 391 427
1486 391 427
1487 391 427
1488 391 427
1489 391 428
1490 391 428
1491 391 428
1492 391 428
1493 391 428
1494 391 428
1495 391 428
1496 391 428
1497 391 428
1498 391 428
1499 391 429
1500 391 429
1501 391 429
1502 391 429
1503 391 429
1504 391 429
1505 391 429
1506 391 429
1507 391 429
1508 391 429
1509 391 429
1510 391 429
1511 391 429
1512 391 429
1513 391 429
1514 392 429
1515 392 428
1516 392 428
1517 392 428
1518 392 428
1519 392 428
1520 392 428
1521 392 428
1522 392 427
1523 392 427
1524 391 427
1525 391 427
1526 391 427
1527 391 427
1528 391 427
1529 390 427
1530 390 426
1531 389 426
1532 389 426
1533 389 426
1534 388 425
1535 387 425
1536 387 424
1537 386 424
1538 386 423
1539 385 423
1540 384 422
1541 383 422
1542 382 422
1543 382 422
1544 381 421
1545 380 421
1546 379 421
1547 379 421
1548 378 420
1549 377 420
1550 377 419
1551 376 419
1552 376 419
1553 375 418
1554 375 418
1555 375 418
1556 375 418
1557 375 418
1558 375 418
1559 375 418
1560 375 418
1561 375 417
1562 375 417
1563 375 417
1564 375 417
1565 375 417
1566 375 417
1567 375 417
1568 375 416
1569 375 416
1570 375 416
1571 375 416
1572 375 416
1573 375 416
1574 375 415
1575 375 415
1576 375 415
1577 376 416
1578 376 416
1579 376 416
1580 377 416
1581 377 416
1582 377 416
1583 377 416
1584 377 416
1585 377 416
1586 378 417
1587 378 417
1588 378 417
1589 378 417
1590 379 417
1591 379 417
1592 379 417
1593 379 417
1594 379 417
1595 379 417
1596 379 417
1597 380 417
1598 380 418
1599 380 418
1600 380 418
1601 380 418
1602 380 418
1603 380 418
1604 379 418
1605 379 418
1606 379 418
1607 379 418
1608 380 419
1609 380 419
1610 380 419
1611 380 420
1612 380 420
1613 380 420
1614 379 420
1615 379 420
1616 379 420
1617 379 421
1618 379 421
1619 379 421
1620 379 421
1621 379 421
1622 379 421
1623 379 421
1624 379 421
1625 379 421
1626 378 421
1627 378 420
1628 378 420
1629 378 420
1630 378 420
1631 378 420
1632 378 419
1633 378 419
1634 378 419
1635 377 419
1636 378 419
1637 378 419
1638 378 419
1639 378 419
1640 377 418
1641 377 418
1642 377 418
1643 377 418
1644 377 418
1645 377 418
1646 377 418
1647 377 418
1648 377 418
1649 377 418
1650 377 418
1651 377 418
1652 377 419
1653 377 419
1654 377 419
1655 377 419
1656 377 419
1657 377 419
1658 377 419
1659 377 419
1660 377 419
1661 377 420
1662 377 420
1663 377 420
1664 377 420
1665 377 420
1666 377 421
1667 377 421
1668 377 421
1669 377 421
1670 377 422
1671 377 422
1672 376 422
1673 376 422
1674 376 422
1675 376 423
1676 376 423
1677 376 423
1678 376 423
1679 376 424
1680 376 424
1681 376 424
1682 376 424
1683 376 424
1684 376 424
1685 376 424
1686 376 425
1687 376 425
1688 376 425
1689 376 425
1690 376 425
1691 376 425
1692 376 425
1693 376 426
1694 376 426
1695 375 426
1696 375 426
1697 375 426
1698 375 426
1699 375 426
1700 375 426
1701 375 426
1702 375 426
1703 375 426
1704 375 426
1705 375 426
1706 376 426
1707 376 426
1708 376 426
1709 376 427
1710 376 427
1711 376 427
1712 376 427
1713 376 427
1714 376 427
1715 376 428
1716 376 428
1717 377 428
1718 377 428
1719 377 428
1720 377 428
1721 377 428
1722 377 428
1723 378 429
1724 378 429
1725 378 429
1726 379 429
1727 379 429
1728 379 429
1729 380 429
1730 380 429
1731 381 429
1732 381 429
1733 382 429
1734 382 429
1735 383 429
1736 384 430
1737 385 431
1738 386 431
1739 386 431
1740 387 431
1741 388 431
1742 388 432
1743 388 431
1744 389 431
1745 389 431
1746 389 431
1747 389 431
1748 389 431
1749 390 431
1750 390 431
1751 390 431
1752 390 431
1753 390 431
1754 390 431
1755 390 431
1756 390 432
1757 390 432
1758 390 432
1759 390 432
1760 390 432
1761 390 432
1762 390 432
1763 390 432
1764 390 431
1765 390 431
1766 390 431
1767 390 431
1768 390 431
1769 390 431
1770 389 430
1771 389 430
1772 389 430
1773 389 430
1774 389 430
1775 389 429
1776 389 429
1777 388 428
1778 388 428
1779 388 428
1780 388 427
1781 388 427
1782 388 427
1783 388 426
1784 387 426
1785 387 425
1786 387 425
1787 387 425
1788 387 425
1789 387 425
1790 387 425
1791 387 425
1792 387 425
1793 387 425
1794 387 425
1795 386 424
1796 386 424
1797 386 424
1798 386 424
1799 386 424
1800 386 424
1801 386 424
1802 386 424
1803 386 424
1804 386 424
1805 386 424
1806 386 424
1807 386 424
1808 386 424
1809 386 424
1810 386 424
1811 386 423
1812 386 423
1813 386 424
1814 386 424
1815 386 424
1816 386 424
1817 385 424
1818 385 424
1819 385 424
1820 385 424
1821 385 424
1822 386 424
1823 386 424
1824 386 424
1825 386 424
1826 386 424
1827 386 424
1828 386 424
1829 386 424
1830 386 424
1831 386 424
1832 386 425
1833 386 425
1834 386 425
1835 386 425
1836 386 425
1837 386 425
1838 386 425
1839 386 425
1840 386 425
1841 386 425
1842 386 425
1843 386 425
1844 386 425
1845 386 425
1846 386 425
1847 386 425
1848 386 425
1849 386 425
1850 386 425
1851 386 425
1852 386 425
1853 386 425
1854 386 425
1855 386 425
1856 386 425
1857 386 425
1858 386 425
