1 738 318
2 737 319
3 737 319
4 737 319
5 737 319
6 737 319
7 737 319
8 737 319
9 737 319
10 737 319
11 737 319
12 737 319
13 737 319
14 737 319
15 737 319
16 737 319
17 737 319
18 737 319
19 737 319
20 737 319
21 737 319
22 737 319
23 737 319
24 737 319
25 737 319
26 737 319
27 737 319
28 737 319
29 737 319
30 737 319
31 737 319
32 737 319
33 737 319
34 737 319
35 737 319
36 736 319
37 737 319
38 737 319
39 737 318
40 737 319
41 737 318
42 737 318
43 737 318
44 737 318
45 737 318
46 737 318
47 737 318
48 737 318
49 737 318
50 737 318
51 737 318
52 737 318
53 737 318
54 737 318
55 737 318
56 737 318
57 737 318
58 737 318
59 737 318
60 737 318
61 737 318
62 737 318
63 737 318
64 737 318
65 737 318
66 737 318
67 736 318
68 736 318
69 736 318
70 736 318
71 736 318
72 736 318
73 736 318
74 736 318
75 736 318
76 736 318
77 736 318
78 736 318
79 736 318
80 736 317
81 737 317
82 737 317
83 737 317
84 737 317
85 737 317
86 737 317
87 737 317
88 737 316
89 737 316
90 737 316
91 737 315
92 737 315
93 737 314
94 738 314
95 738 314
96 738 313
97 738 312
98 738 312
99 739 311
100 739 310
101 740 309
102 740 309
103 740 308
104 740 307
105 741 306
106 741 305
107 741 304
108 741 303
109 742 303
110 742 302
111 742 301
112 742 301
113 742 300
114 743 300
115 743 299
116 743 299
117 743 298
118 743 298
119 744 297
120 744 297
121 744 297
122 744 296
123 744 296
124 744 296
125 744 295
126 744 295
127 744 295
128 744 295
129 744 295
130 744 294
131 744 294
132 744 294
133 744 294
134 744 294
135 744 294
136 744 294
137 744 294
138 744 294
139 744 294
140 743 294
141 743 294
142 743 295
143 743 295
144 743 295
145 743 295
146 743 295
147 743 295
148 743 295
149 742 295
150 742 295
151 742 295
152 742 295
153 742 295
154 742 295
155 742 295
156 741 295
157 741 295
158 741 295
159 741 296
160 741 296
161 741 296
162 741 296
163 741 296
164 741 296
165 741 296
166 741 296
167 740 296
168 740 296
169 740 296
170 740 296
171 740 296
172 740 296
173 741 296
174 741 296
175 741 296
176 741 297
177 741 297
178 741 297
179 741 297
180 741 297
181 741 297
182 741 297
183 741 297
184 741 297
185 741 297
186 741 297
187 741 297
188 741 297
189 741 297
190 741 297
191 741 297
192 741 297
193 741 297
194 741 297
195 741 297
196 741 297
197 741 297
198 741 297
199 741 298
200 741 298
201 741 298
202 741 298
203 741 298
204 741 298
205 741 298
206 741 298
207 741 298
208 741 298
209 741 298
210 741 299
211 741 299
212 741 299
213 741 299
214 742 299
215 742 299
216 742 299
217 742 299
218 742 299
219 742 299
220 742 299
221 742 299
222 742 299
223 742 299
224 742 299
225 742 299
226 742 299
227 742 299
228 742 299
229 742 299
230 742 299
231 742 299
232 742 299
233 742 299
234 742 299
235 742 299
236 742 299
237 742 299
238 743 299
239 743 298
240 743 298
241 743 298
242 743 298
243 743 298
244 743 298
245 743 298
246 743 298
247 744 297
248 744 297
249 744 297
250 744 297
251 744 297
252 744 297
253 745 297
254 745 297
255 745 297
256 745 297
257 746 297
258 746 297
259 746 297
260 746 297
261 747 297
262 747 297
263 747 297
264 748 297
265 748 297
266 749 297
267 749 297
268 750 297
269 750 298
270 751 298
271 751 298
272 752 298
273 753 298
274 753 298
275 754 298
276 754 299
277 755 299
278 756 299
279 756 299
280 757 299
281 758 299
282 759 300
283 760 300
284 761 300
285 762 300
286 763 300
287 764 300
288 764 300
289 765 300
290 766 300
291 767 300
292 768 300
293 768 300
294 769 300
295 769 300
296 770 300
297 770 300
298 771 299
299 771 299
300 771 299
301 772 299
302 772 299
303 772 299
304 772 299
305 772 299
306 772 299
307 772 299
308 772 299
309 772 299
310 772 299
311 772 299
312 772 299
313 771 299
314 771 298
315 771 299
316 771 298
317 770 299
318 770 298
319 770 299
320 769 299
321 769 299
322 769 299
323 769 299
324 768 299
325 768 299
326 768 299
327 768 299
328 767 299
329 767 299
330 767 300
331 766 300
332 766 300
333 765 300
334 765 300
335 764 300
336 764 300
337 763 300
338 762 300
339 762 301
340 761 301
341 761 301
342 760 301
343 760 301
344 759 301
345 759 301
346 758 301
347 758 301
348 757 301
349 757 301
350 756 301
351 756 302
352 756 302
353 755 302
354 755 302
355 755 302
356 754 302
357 754 302
358 754 302
359 753 302
360 753 302
361 753 301
362 753 301
363 752 301
364 752 301
365 752 301
366 751 301
367 751 301
368 751 301
369 750 300
370 750 300
371 750 300
372 749 300
373 749 300
374 748 300
375 748 300
376 747 299
377 747 299
378 746 299
379 746 299
380 745 299
381 745 299
382 744 299
383 744 299
384 743 299
385 743 299
386 742 299
387 742 299
388 742 299
389 742 298
390 741 298
391 741 298
392 741 298
393 740 298
394 740 298
395 740 298
396 740 298
397 739 298
398 739 298
399 739 298
400 739 298
401 739 298
402 738 298
403 738 298
404 738 298
405 737 298
406 737 298
407 737 298
408 736 298
409 736 298
410 735 299
411 735 299
412 735 299
413 734 299
414 734 299
415 734 299
416 733 299
417 733 299
418 733 299
419 733 299
420 732 299
421 732 299
422 732 299
423 732 299
424 732 299
425 732 299
426 732 299
427 732 299
428 732 299
429 732 299
430 732 299
431 732 299
432 732 299
433 733 299
434 733 300
435 733 300
436 733 300
437 733 300
438 733 300
439 733 300
440 733 300
441 733 300
442 733 300
443 733 300
444 733 300
445 733 300
446 732 300
447 732 300
448 732 300
449 732 300
450 732 300
451 731 300
452 731 300
453 731 300
454 731 300
455 731 300
456 731 300
457 731 300
458 731 300
459 731 300
460 731 300
461 731 300
462 731 300
463 731 300
464 731 300
465 732 300
466 732 301
467 732 301
468 732 301
469 732 301
470 732 301
471 732 301
472 732 301
473 732 300
474 733 300
475 733 300
476 733 300
477 733 300
478 733 300
479 733 300
480 733 300
481 733 300
482 734 300
483 734 300
484 734 300
485 734 300
486 734 300
487 734 300
488 734 300
489 734 300
490 734 300
491 734 300
492 734 300
493 734 300
494 734 299
495 734 299
496 735 299
497 735 299
498 735 299
499 735 299
500 735 299
501 736 299
502 736 299
503 736 299
504 737 298
505 737 298
506 738 298
507 738 298
508 738 298
509 739 298
510 739 298
511 739 298
512 740 298
513 740 298
514 740 297
515 740 297
516 740 297
517 740 297
518 740 297
519 740 297
520 740 296
521 741 296
522 741 296
523 741 296
524 741 296
525 741 296
526 741 296
527 740 296
528 740 296
529 740 296
530 740 296
531 740 296
532 740 296
533 740 296
534 740 296
535 739 296
536 739 296
537 739 296
538 739 296
539 739 296
540 739 296
541 739 296
542 738 296
543 738 296
544 738 296
545 738 296
546 738 296
547 738 296
548 738 296
549 738 296
550 738 296
551 738 296
552 738 296
553 738 296
554 738 296
555 738 296
556 738 296
557 738 296
558 738 296
559 738 296
560 738 296
561 738 296
562 738 296
563 738 296
564 738 296
565 738 296
566 738 296
567 738 296
568 738 296
569 738 296
570 739 296
571 738 296
572 738 296
573 739 296
574 739 296
575 739 296
576 739 296
577 739 296
578 739 296
579 739 296
580 739 296
581 739 296
582 739 296
583 739 296
584 740 296
585 740 296
586 740 296
587 740 296
588 740 296
589 740 296
590 740 296
591 741 296
592 741 296
593 741 296
594 741 296
595 741 295
596 741 295
597 740 295
598 740 295
599 740 295
600 740 295
601 740 295
602 740 295
603 740 295
604 740 295
605 740 295
606 740 295
607 740 295
608 740 295
609 740 295
610 740 295
611 740 295
612 739 295
613 739 295
614 739 295
615 739 296
616 739 296
617 739 296
618 739 296
619 739 297
620 739 297
621 739 297
622 739 298
623 738 298
624 738 298
625 738 299
626 738 299
627 737 300
628 737 300
629 737 301
630 737 301
631 737 302
632 736 302
633 736 303
634 736 303
635 736 304
636 736 304
637 736 305
638 736 305
639 736 305
640 736 305
641 736 306
642 736 306
643 736 306
644 735 306
645 735 306
646 735 307
647 735 307
648 735 307
649 735 307
650 735 308
651 735 308
652 735 308
653 735 309
654 735 309
655 735 309
656 735 310
657 735 310
658 735 310
659 734 310
660 734 311
661 734 311
662 734 311
663 734 311
664 734 311
665 734 311
666 734 311
667 734 311
668 734 311
669 734 311
670 734 311
671 734 311
672 734 311
673 734 311
674 734 311
675 733 311
676 733 311
677 733 311
678 733 311
679 733 311
680 733 311
681 733 311
682 733 311
683 733 311
684 733 311
685 733 312
686 733 312
687 733 312
688 733 312
689 733 312
690 733 312
691 733 312
692 733 312
693 733 312
694 734 313
695 734 313
696 734 313
697 734 313
698 734 313
699 734 313
700 734 314
701 734 314
702 735 314
703 735 314
704 735 314
705 735 314
706 735 315
707 735 315
708 736 315
709 736 315
710 736 316
711 736 316
712 736 316
713 737 316
714 737 316
715 737 316
716 737 316
717 737 316
718 737 316
719 737 316
720 737 316
721 737 316
722 737 316
723 737 316
724 737 316
725 737 315
726 737 315
727 737 315
728 737 315
729 737 315
730 737 315
731 737 315
732 737 315
733 737 314
734 737 314
735 737 314
736 737 314
737 737 314
738 737 314
739 737 314
740 737 314
741 738 314
742 738 313
743 738 313
744 738 313
745 738 313
746 737 313
747 737 313
748 737 313
749 737 313
750 737 313
751 737 313
752 737 313
753 737 313
754 737 313
755 737 313
756 737 313
757 737 313
758 737 313
759 737 313
760 737 313
761 737 313
762 737 313
763 737 313
764 737 313
765 737 313
766 737 313
767 737 313
768 737 313
769 737 313
770 737 313
771 737 313
772 737 313
773 738 313
774 738 313
775 738 313
776 738 313
777 738 313
778 738 313
779 738 312
780 738 312
781 738 312
782 738 312
783 738 312
784 738 312
785 738 312
786 738 312
787 738 312
788 738 312
789 738 312
790 738 312
791 738 312
792 738 312
793 738 312
794 738 312
795 738 312
796 738 312
797 738 312
798 738 312
799 738 312
800 737 312
801 737 312
802 737 312
803 737 312
804 737 312
805 737 312
806 737 312
807 737 312
808 737 312
809 737 312
810 737 311
811 737 311
812 737 311
813 737 311
814 737 310
815 737 310
816 737 310
817 737 310
818 737 309
819 737 309
820 737 309
821 738 309
822 738 308
823 738 308
824 738 308
825 738 307
826 738 307
827 738 307
828 738 306
829 738 306
830 738 305
831 738 305
832 738 305
833 739 305
834 739 304
835 739 304
836 739 304
837 739 304
838 740 304
839 740 304
840 740 304
841 740 304
842 740 304
843 740 304
844 740 305
845 740 305
846 741 305
847 741 305
848 741 306
849 741 306
850 741 306
851 741 306
852 742 306
853 742 306
854 742 307
855 742 307
856 742 307
857 743 307
858 743 307
859 743 307
860 744 307
861 744 307
862 744 307
863 745 307
864 745 307
865 745 307
866 746 307
867 746 307
868 747 307
869 747 307
870 748 307
871 748 307
872 748 306
873 749 306
874 749 306
875 749 306
876 750 306
877 750 305
878 750 305
879 750 304
880 750 304
881 750 304
882 750 303
883 750 303
884 750 302
885 750 302
886 750 302
887 750 301
888 750 301
889 750 301
890 751 301
891 751 300
892 751 300
893 751 300
894 751 300
895 751 300
896 752 299
897 752 299
898 752 299
899 752 299
900 752 298
901 752 298
902 752 298
903 752 298
904 752 298
905 752 297
906 752 297
907 752 297
908 752 297
909 752 297
910 752 296
911 752 296
912 751 296
913 751 296
914 751 296
915 751 295
916 751 295
917 750 295
918 750 295
919 750 295
920 750 295
921 750 294
922 749 294
923 749 294
924 749 294
925 749 294
926 749 294
927 749 293
928 748 293
929 748 293
930 748 293
931 748 293
932 748 293
933 748 293
934 748 293
935 747 293
936 747 292
937 747 292
938 747 292
939 747 292
940 747 292
941 747 292
942 747 292
943 747 292
944 747 292
945 747 292
946 747 292
947 747 291
948 746 291
949 746 291
950 746 291
951 746 291
952 746 291
953 746 291
954 746 291
955 745 291
956 745 291
957 745 291
958 745 291
959 745 291
960 745 291
961 744 291
962 744 291
963 744 291
964 744 292
965 744 292
966 744 292
967 744 292
968 743 292
969 743 292
970 743 292
971 743 292
972 743 292
973 743 293
974 743 293
975 743 293
976 742 293
977 742 293
978 742 293
979 742 293
980 742 294
981 741 294
982 741 294
983 741 294
984 741 294
985 741 294
986 741 295
987 741 295
988 741 295
989 741 295
990 741 295
991 741 295
992 741 295
993 741 295
994 741 296
995 740 296
996 740 296
997 740 296
998 740 296
999 740 296
1000 740 296
1001 748 296
1002 740 296
1003 740 297
1004 740 297
1005 739 297
1006 739 297
1007 739 297
1008 739 298
1009 739 298
1010 739 298
1011 739 298
1012 739 298
1013 739 299
1014 739 299
1015 739 299
1016 739 299
1017 739 299
1018 739 299
1019 739 300
1020 739 300
1021 739 300
1022 739 300
1023 739 300
1024 739 300
1025 739 301
1026 739 301
1027 738 301
1028 738 301
1029 738 301
1030 738 302
1031 738 302
1032 738 302
1033 738 302
1034 738 303
1035 738 303
1036 738 303
1037 738 303
1038 738 304
1039 738 304
1040 738 304
1041 738 304
1042 738 304
1043 738 304
1044 738 305
1045 738 305
1046 738 305
1047 738 305
1048 738 305
1049 738 305
1050 738 305
1051 738 306
1052 738 306
1053 738 306
1054 738 306
1055 739 306
1056 739 306
1057 739 306
1058 739 306
1059 739 306
1060 739 306
1061 739 306
1062 739 306
1063 739 306
1064 740 306
1065 740 306
1066 740 306
1067 740 306
1068 740 306
1069 740 306
1070 741 306
1071 741 306
1072 741 305
1073 741 305
1074 741 305
1075 741 305
1076 742 305
1077 742 305
1078 742 305
1079 742 305
1080 742 305
1081 742 305
1082 742 305
1083 743 305
1084 743 305
1085 743 304
1086 743 304
1087 743 304
1088 743 304
1089 743 304
1090 743 304
1091 743 304
1092 743 303
1093 743 303
1094 743 303
1095 743 303
1096 743 303
1097 743 303
1098 743 303
1099 743 303
1100 743 303
1101 743 303
1102 744 303
1103 744 304
1104 744 304
1105 744 304
1106 744 304
1107 744 304
1108 744 304
1109 744 303
1110 744 303
1111 745 303
1112 745 303
1113 745 302
1114 745 302
1115 745 302
1116 745 302
1117 745 301
1118 746 301
1119 746 301
1120 746 301
1121 746 300
1122 746 300
1123 747 300
1124 747 300
1125 747 299
1126 747 299
1127 747 299
1128 748 299
1129 748 299
1130 748 299
1131 748 299
1132 748 299
1133 748 299
1134 748 299
1135 748 299
1136 748 299
1137 748 299
1138 748 299
1139 748 299
1140 748 299
1141 748 299
1142 748 299
1143 747 299
1144 747 299
1145 747 299
1146 747 299
1147 747 299
1148 747 300
1149 746 300
1150 746 300
1151 746 300
1152 746 300
1153 746 300
1154 746 301
1155 746 301
1156 746 301
1157 746 301
1158 746 301
1159 746 301
1160 746 301
1161 746 301
1162 746 301
1163 745 301
1164 745 301
1165 745 301
1166 745 301
1167 745 301
1168 745 302
1169 745 302
1170 745 302
1171 745 302
1172 746 302
1173 746 302
1174 746 302
1175 746 302
1176 746 302
1177 746 302
1178 746 302
1179 746 302
1180 746 302
1181 746 301
1182 746 301
1183 746 301
1184 746 301
1185 746 301
1186 747 301
1187 747 301
1188 747 301
1189 747 301
1190 747 301
1191 747 301
1192 747 301
1193 747 301
1194 748 301
1195 748 301
1196 748 301
1197 748 300
1198 748 300
1199 748 300
1200 748 300
1201 748 300
1202 748 300
1203 748 300
1204 748 300
1205 748 300
1206 748 300
1207 748 300
1208 748 300
1209 748 300
1210 748 300
1211 747 300
1212 747 300
1213 747 300
1214 747 301
1215 746 301
1216 746 301
1217 746 301
1218 746 301
1219 745 301
1220 745 301
1221 745 301
1222 745 302
1223 745 302
1224 744 302
1225 744 302
1226 744 302
1227 744 302
1228 744 302
1229 744 302
1230 743 302
1231 743 302
1232 743 302
1233 743 302
1234 743 302
1235 743 302
1236 743 302
1237 743 302
1238 742 302
1239 742 302
1240 742 302
1241 742 302
1242 742 302
1243 742 302
1244 741 301
1245 741 301
1246 741 301
1247 741 301
1248 741 301
1249 741 301
1250 741 301
1251 741 301
1252 741 301
1253 741 301
1254 741 301
1255 741 301
1256 741 301
1257 741 301
1258 740 301
1259 740 301
1260 740 301
1261 740 301
1262 740 301
1263 740 301
1264 740 301
1265 740 300
1266 740 300
1267 740 300
1268 740 300
1269 739 299
1270 739 299
1271 739 299
1272 739 299
1273 739 298
1274 739 298
1275 739 298
1276 739 298
1277 739 297
1278 739 297
1279 739 297
1280 739 296
1281 739 296
1282 739 295
1283 739 295
1284 739 295
1285 740 294
1286 740 294
1287 740 294
1288 740 293
1289 740 293
1290 740 292
1291 741 292
1292 741 292
1293 741 292
1294 741 291
1295 741 291
1296 742 291
1297 742 291
1298 742 291
1299 742 291
1300 743 290
1301 743 290
1302 743 290
1303 743 290
1304 743 290
1305 744 290
1306 744 290
1307 744 290
1308 744 290
1309 744 290
1310 744 290
1311 745 290
1312 745 290
1313 745 290
1314 745 290
1315 745 290
1316 745 290
1317 745 290
1318 745 291
1319 745 291
1320 745 291
1321 745 291
1322 745 291
1323 745 291
1324 745 292
1325 745 292
1326 745 292
1327 745 293
1328 745 293
1329 745 293
1330 745 293
1331 745 293
1332 745 294
1333 744 294
1334 744 294
1335 744 294
1336 744 295
1337 744 295
1338 744 295
1339 744 295
1340 744 296
1341 744 296
1342 744 296
1343 744 297
1344 744 297
1345 744 297
1346 744 297
1347 744 298
1348 744 298
1349 744 298
1350 744 298
1351 744 299
1352 744 299
1353 744 299
1354 744 300
1355 744 300
1356 744 300
1357 743 301
1358 743 301
1359 743 301
1360 743 301
1361 743 302
1362 743 302
1363 743 302
1364 743 302
1365 743 303
1366 743 303
1367 743 303
1368 743 303
1369 743 304
1370 743 304
1371 743 304
1372 743 305
1373 743 305
1374 744 305
1375 744 305
1376 744 306
1377 744 306
1378 744 306
1379 744 307
1380 744 307
1381 744 307
1382 744 307
1383 744 307
1384 744 308
1385 744 308
1386 744 308
1387 744 308
1388 744 308
1389 744 308
1390 744 308
1391 744 308
1392 743 308
1393 743 308
1394 743 308
1395 743 309
1396 743 309
1397 743 309
1398 743 309
1399 743 309
1400 743 309
1401 743 309
1402 743 309
1403 743 309
1404 743 309
1405 742 309
1406 742 309
1407 743 309
1408 743 309
1409 743 309
1410 743 309
1411 743 308
1412 743 308
1413 743 308
1414 743 308
1415 743 308
1416 743 308
1417 743 308
1418 743 307
1419 744 307
1420 744 307
1421 744 307
1422 744 307
1423 744 307
1424 744 307
1425 744 307
1426 744 306
1427 744 306
1428 744 306
1429 744 306
1430 744 306
1431 744 306
1432 744 306
1433 744 306
1434 744 306
1435 744 306
1436 744 306
1437 744 305
1438 744 305
1439 744 305
1440 744 305
1441 744 305
1442 744 305
1443 744 305
1444 744 305
1445 744 305
1446 744 305
1447 744 305
1448 744 305
1449 744 305
1450 744 305
1451 744 305
1452 744 305
1453 744 304
1454 744 304
1455 744 304
1456 744 304
1457 744 304
1458 744 304
1459 744 304
1460 744 304
1461 744 304
1462 744 304
1463 744 304
1464 744 304
1465 744 304
1466 744 304
1467 744 304
1468 744 304
1469 744 304
1470 744 304
1471 744 304
1472 744 304
1473 744 304
1474 744 304
1475 743 304
1476 743 304
1477 743 304
1478 743 304
1479 743 304
1480 743 304
1481 743 305
1482 743 305
1483 743 305
1484 743 305
1485 743 305
1486 742 305
1487 742 305
1488 742 306
1489 742 306
1490 742 306
1491 742 306
1492 742 306
1493 742 306
1494 742 306
1495 742 306
1496 742 306
1497 742 306
1498 742 306
1499 742 306
1500 743 306
1501 743 306
1502 743 306
1503 743 306
1504 743 306
1505 743 306
1506 743 306
1507 743 306
1508 743 306
1509 743 305
1510 744 305
1511 744 305
1512 744 305
1513 744 305
1514 744 305
1515 744 305
1516 744 304
1517 744 304
1518 745 304
1519 745 304
1520 745 304
1521 745 304
1522 745 303
1523 745 303
1524 744 303
1525 744 303
1526 744 303
1527 744 303
1528 743 303
1529 743 303
1530 743 303
1531 742 302
1532 742 302
1533 741 302
1534 741 302
1535 740 302
1536 739 302
1537 739 302
1538 738 302
1539 737 302
1540 736 302
1541 735 302
1542 734 302
1543 733 302
1544 733 302
1545 732 302
1546 731 302
1547 730 301
1548 729 301
1549 729 301
1550 728 301
1551 728 301
1552 727 301
1553 727 301
1554 727 301
1555 727 301
1556 727 301
1557 727 301
1558 727 301
1559 727 301
1560 727 301
1561 727 301
1562 727 301
1563 727 301
1564 727 301
1565 727 301
1566 727 301
1567 728 301
1568 728 301
1569 728 301
1570 728 301
1571 728 301
1572 728 301
1573 729 301
1574 729 301
1575 729 301
1576 729 301
1577 730 301
1578 730 301
1579 730 301
1580 730 301
1581 730 301
1582 731 301
1583 731 301
1584 731 301
1585 732 301
1586 732 301
1587 732 301
1588 732 301
1589 733 301
1590 733 301
1591 733 301
1592 733 302
1593 733 302
1594 734 302
1595 734 302
1596 734 302
1597 734 302
1598 734 302
1599 734 302
1600 734 302
1601 734 302
1602 734 302
1603 734 302
1604 734 302
1605 735 302
1606 735 302
1607 735 302
1608 735 302
1609 735 302
1610 735 302
1611 735 302
1612 735 302
1613 735 302
1614 735 302
1615 735 302
1616 735 302
1617 735 302
1618 735 302
1619 735 302
1620 735 302
1621 735 303
1622 735 303
1623 735 303
1624 735 303
1625 735 303
1626 735 303
1627 735 303
1628 735 303
1629 735 303
1630 735 303
1631 735 303
1632 735 303
1633 735 303
1634 735 302
1635 735 302
1636 735 302
1637 735 302
1638 735 302
1639 736 302
1640 736 302
1641 736 302
1642 736 302
1643 736 302
1644 736 302
1645 736 302
1646 736 302
1647 736 302
1648 736 302
1649 736 302
1650 736 302
1651 736 302
1652 736 302
1653 736 302
1654 736 303
1655 736 303
1656 736 303
1657 736 303
1658 736 303
1659 736 303
1660 736 303
1661 736 304
1662 736 304
1663 735 304
1664 735 304
1665 735 304
1666 735 304
1667 735 305
1668 735 305
1669 735 305
1670 735 305
1671 735 306
1672 734 306
1673 734 306
1674 734 306
1675 734 306
1676 734 307
1677 734 307
1678 734 307
1679 734 307
1680 734 307
1681 733 307
1682 733 308
1683 733 308
1684 733 308
1685 733 308
1686 733 308
1687 733 308
1688 733 308
1689 733 308
1690 733 309
1691 733 309
1692 733 309
1693 732 309
1694 732 309
1695 732 309
1696 732 309
1697 732 309
1698 732 309
1699 732 309
1700 732 309
1701 732 309
1702 732 309
1703 732 309
1704 732 310
1705 732 310
1706 732 310
1707 732 310
1708 732 310
1709 732 310
1710 732 310
1711 732 310
1712 732 310
1713 732 310
1714 732 311
1715 733 311
1716 733 311
1717 733 311
1718 733 311
1719 733 311
1720 733 311
1721 733 311
1722 733 311
1723 734 311
1724 734 311
1725 734 311
1726 734 311
1727 734 311
1728 734 310
1729 735 310
1730 735 310
1731 735 310
1732 735 310
1733 736 310
1734 736 309
1735 736 309
1736 737 309
1737 737 309
1738 737 309
1739 737 309
1740 738 309
1741 738 308
1742 738 308
1743 738 308
1744 738 308
1745 738 308
1746 739 308
1747 739 308
1748 739 308
1749 739 308
1750 739 308
1751 739 308
1752 739 309
1753 739 309
1754 740 309
1755 740 309
1756 740 310
1757 740 310
1758 740 310
1759 740 310
1760 740 310
1761 740 311
1762 740 311
1763 741 311
1764 740 311
1765 741 311
1766 740 311
1767 741 311
1768 741 312
1769 741 312
1770 741 312
1771 741 312
1772 741 312
1773 741 312
1774 741 312
1775 741 312
1776 741 312
1777 741 312
1778 741 312
1779 741 312
1780 741 312
1781 741 312
1782 741 312
1783 741 312
1784 741 312
1785 741 312
1786 741 312
1787 741 312
1788 741 312
1789 741 312
1790 741 312
1791 740 312
1792 740 312
1793 740 312
1794 740 312
1795 740 312
1796 740 312
1797 740 312
1798 740 312
1799 740 312
1800 740 312
1801 740 312
1802 740 312
1803 740 312
1804 740 312
1805 740 312
1806 740 312
1807 740 312
1808 740 312
1809 740 312
1810 740 312
1811 740 312
1812 740 312
1813 740 312
1814 740 312
1815 740 312
1816 740 312
1817 740 312
1818 740 312
1819 740 312
1820 740 312
1821 740 312
1822 740 312
1823 740 312
1824 740 312
1825 740 312
1826 740 312
1827 740 312
1828 740 312
1829 740 312
1830 740 312
1831 740 312
1832 740 312
1833 740 312
1834 740 312
1835 740 312
1836 740 312
1837 740 312
1838 740 312
1839 740 312
1840 740 312
1841 740 312
1842 740 312
1843 740 312
1844 740 312
1845 740 312
1846 740 312
1847 740 312
1848 740 312
1849 740 312
1850 740 312
1851 740 312
1852 740 312
1853 740 312
1854 740 312
1855 740 312
1856 740 312
1857 740 312
1858 740 312