1 887 409
2 887 408
3 887 409
4 887 409
5 887 409
6 887 409
7 887 409
8 887 409
9 887 409
10 887 409
11 887 409
12 887 409
13 887 409
14 887 409
15 887 409
16 887 409
17 887 409
18 887 409
19 887 409
20 887 408
21 887 408
22 887 408
23 887 408
24 887 408
25 886 408
26 886 408
27 886 408
28 887 408
29 886 408
30 886 408
31 887 408
32 886 408
33 886 408
34 886 408
35 886 408
36 886 408
37 886 408
38 886 408
39 886 408
40 886 408
41 886 408
42 886 408
43 886 408
44 886 408
45 886 408
46 886 408
47 886 408
48 886 408
49 886 408
50 886 408
51 886 408
52 886 408
53 886 408
54 886 408
55 886 408
56 886 408
57 886 408
58 886 408
59 886 408
60 886 407
61 886 407
62 886 408
63 886 408
64 886 407
65 886 408
66 886 407
67 886 408
68 886 408
69 886 408
70 886 408
71 886 408
72 886 408
73 886 408
74 886 408
75 886 408
76 886 408
77 886 408
78 886 408
79 886 408
80 886 408
81 886 407
82 886 407
83 886 407
84 886 407
85 886 407
86 886 407
87 886 407
88 886 407
89 886 407
90 886 407
91 886 407
92 886 407
93 887 407
94 887 408
95 887 408
96 887 408
97 887 408
98 888 408
99 888 408
100 888 408
101 888 408
102 888 409
103 889 409
104 889 408
105 889 408
106 889 408
107 889 408
108 890 408
109 890 408
110 890 407
111 890 407
112 890 407
113 890 407
114 890 407
115 890 407
116 891 406
117 891 406
118 891 406
119 891 406
120 891 405
121 891 405
122 891 405
123 891 405
124 891 405
125 891 404
126 891 404
127 891 404
128 891 404
129 891 403
130 891 403
131 892 403
132 891 402
133 891 402
134 891 402
135 891 402
136 891 402
137 891 401
138 891 401
139 891 401
140 891 401
141 891 401
142 891 400
143 891 400
144 891 400
145 891 400
146 891 400
147 891 400
148 891 400
149 891 399
150 891 399
151 890 399
152 890 399
153 890 399
154 890 399
155 890 399
156 890 399
157 890 399
158 890 399
159 890 399
160 890 399
161 890 399
162 890 399
163 889 399
164 889 399
165 889 399
166 889 399
167 890 399
168 890 399
169 889 399
170 889 399
171 889 400
172 890 400
173 890 399
174 890 399
175 890 399
176 890 400
177 890 400
178 890 400
179 890 400
180 890 400
181 890 400
182 890 400
183 890 400
184 890 400
185 890 400
186 890 400
187 890 400
188 890 401
189 890 400
190 890 400
191 891 400
192 891 400
193 891 401
194 890 401
195 891 401
196 891 401
197 890 401
198 890 401
199 890 401
200 890 401
201 890 401
202 890 401
203 890 401
204 891 401
205 891 402
206 890 402
207 890 402
208 891 402
209 891 402
210 891 402
211 891 402
212 891 403
213 891 403
214 891 403
215 891 403
216 891 403
217 891 403
218 891 403
219 891 403
220 891 403
221 891 403
222 891 403
223 891 403
224 891 404
225 891 404
226 891 404
227 891 405
228 891 405
229 891 406
230 891 406
231 891 406
232 891 406
233 892 407
234 892 407
235 892 407
236 892 407
237 892 407
238 892 407
239 893 407
240 893 407
241 893 407
242 893 407
243 893 407
244 894 407
245 894 406
246 894 406
247 894 406
248 894 406
249 895 406
250 895 405
251 895 405
252 895 405
253 896 405
254 896 405
255 896 405
256 897 405
257 897 404
258 897 404
259 897 404
260 898 404
261 898 404
262 898 404
263 899 403
264 899 403
265 899 403
266 900 403
267 900 403
268 901 403
269 901 403
270 902 403
271 902 403
272 903 403
273 903 403
274 904 404
275 904 404
276 905 404
277 905 404
278 906 404
279 906 404
280 907 405
281 907 405
282 908 405
283 909 406
284 909 406
285 910 406
286 911 406
287 912 406
288 913 406
289 913 406
290 914 406
291 915 406
292 916 406
293 916 406
294 917 406
295 917 406
296 917 406
297 918 406
298 918 406
299 918 406
300 919 406
301 919 406
302 919 406
303 919 406
304 919 406
305 919 406
306 919 406
307 919 405
308 919 406
309 919 406
310 919 406
311 919 406
312 919 405
313 919 406
314 919 406
315 918 406
316 918 406
317 918 406
318 918 406
319 917 406
320 917 406
321 917 406
322 917 406
323 917 406
324 916 406
325 916 406
326 916 406
327 916 406
328 916 406
329 915 406
330 915 406
331 915 406
332 914 406
333 914 406
334 914 407
335 913 407
336 913 408
337 912 408
338 912 408
339 912 409
340 911 409
341 911 410
342 911 410
343 911 410
344 910 411
345 910 411
346 910 412
347 909 412
348 909 412
349 909 413
350 908 414
351 908 414
352 908 414
353 908 415
354 907 415
355 907 415
356 907 415
357 907 416
358 907 416
359 906 417
360 906 417
361 906 417
362 906 417
363 905 418
364 905 417
365 905 417
366 904 417
367 904 417
368 904 417
369 903 417
370 903 417
371 902 417
372 902 417
373 901 417
374 901 417
375 900 417
376 900 418
377 899 418
378 898 419
379 897 420
380 896 421
381 895 420
382 895 420
383 895 420
384 894 420
385 894 420
386 893 421
387 893 421
388 892 421
389 892 421
390 891 421
391 891 421
392 891 421
393 890 421
394 890 421
395 890 422
396 890 422
397 889 422
398 889 422
399 889 422
400 889 422
401 888 422
402 888 422
403 888 422
404 888 422
405 888 422
406 887 422
407 887 422
408 886 422
409 886 422
410 886 422
411 886 421
412 886 421
413 885 422
414 885 421
415 885 421
416 885 421
417 885 421
418 884 421
419 884 421
420 884 421
421 884 421
422 884 421
423 884 421
424 884 421
425 884 420
426 884 420
427 884 420
428 884 420
429 884 420
430 884 420
431 884 420
432 884 420
433 884 421
434 884 421
435 885 421
436 885 421
437 885 421
438 885 421
439 885 421
440 885 421
441 885 421
442 885 421
443 885 421
444 885 421
445 885 421
446 885 421
447 884 421
448 884 421
449 884 421
450 884 421
451 884 421
452 884 421
453 883 421
454 883 421
455 883 421
456 883 421
457 883 421
458 883 421
459 883 421
460 883 421
461 883 421
462 884 421
463 884 422
464 884 422
465 884 422
466 884 421
467 884 421
468 884 421
469 884 421
470 885 421
471 885 421
472 885 421
473 885 421
474 885 421
475 885 421
476 885 421
477 885 420
478 886 420
479 886 420
480 886 421
481 886 421
482 886 421
483 886 421
484 886 421
485 886 421
486 886 421
487 886 421
488 886 421
489 886 421
490 886 421
491 886 421
492 886 421
493 886 421
494 886 421
495 887 421
496 887 421
497 887 421
498 887 421
499 887 421
500 888 421
501 888 420
502 889 420
503 889 420
504 889 420
505 890 420
506 890 420
507 890 421
508 891 421
509 891 421
510 891 421
511 892 420
512 892 420
513 892 420
514 892 420
515 892 419
516 893 419
517 893 419
518 893 418
519 893 418
520 893 418
521 893 418
522 893 417
523 893 417
524 893 416
525 893 416
526 893 416
527 893 415
528 893 415
529 893 415
530 893 414
531 893 414
532 893 414
533 893 414
534 893 414
535 893 413
536 892 413
537 892 413
538 892 413
539 892 413
540 892 413
541 892 413
542 892 413
543 892 413
544 892 413
545 892 413
546 891 413
547 891 413
548 891 413
549 891 413
550 891 413
551 891 413
552 891 413
553 891 413
554 891 413
555 891 413
556 891 413
557 891 413
558 891 413
559 892 413
560 892 413
561 892 413
562 892 413
563 892 413
564 892 413
565 892 413
566 892 413
567 892 413
568 892 413
569 892 413
570 892 413
571 892 413
572 892 413
573 892 413
574 892 413
575 892 413
576 892 413
577 893 413
578 893 413
579 893 413
580 893 413
581 893 414
582 893 414
583 893 414
584 894 414
585 894 414
586 894 414
587 894 414
588 894 414
589 894 414
590 894 413
591 894 413
592 894 413
593 894 413
594 895 412
595 895 412
596 895 412
597 895 411
598 895 411
599 895 411
600 895 410
601 895 410
602 895 410
603 895 410
604 895 410
605 895 410
606 895 410
607 896 410
608 895 411
609 895 411
610 895 411
611 895 412
612 895 412
613 895 413
614 894 415
615 894 417
616 893 419
617 892 420
618 892 421
619 891 422
620 891 422
621 891 422
622 891 423
623 891 423
624 891 424
625 891 424
626 891 425
627 891 425
628 891 425
629 891 426
630 891 426
631 891 426
632 891 426
633 891 427
634 891 427
635 891 427
636 891 428
637 892 428
638 892 428
639 892 428
640 892 428
641 892 428
642 892 428
643 892 428
644 892 428
645 892 428
646 892 428
647 892 428
648 892 429
649 892 429
650 892 429
651 892 429
652 892 429
653 892 430
654 892 430
655 892 430
656 892 431
657 892 431
658 892 431
659 892 431
660 892 431
661 892 431
662 892 431
663 892 431
664 892 431
665 892 431
666 892 431
667 892 431
668 892 431
669 892 431
670 892 431
671 892 431
672 891 431
673 891 431
674 891 431
675 891 431
676 891 431
677 891 431
678 891 431
679 891 431
680 891 431
681 891 431
682 891 431
683 891 431
684 891 432
685 891 432
686 891 432
687 891 432
688 891 432
689 891 432
690 891 432
691 891 432
692 891 433
693 891 433
694 891 433
695 891 433
696 891 433
697 891 434
698 891 434
699 891 434
700 892 434
701 892 434
702 892 435
703 892 435
704 892 436
705 892 436
706 892 436
707 892 436
708 893 437
709 893 437
710 892 437
711 892 438
712 892 440
713 891 441
714 890 443
715 889 444
716 888 445
717 888 445
718 887 445
719 886 445
720 885 446
721 885 445
722 885 445
723 884 445
724 884 445
725 884 444
726 884 444
727 884 444
728 884 443
729 884 443
730 885 443
731 885 442
732 885 442
733 885 442
734 885 442
735 886 442
736 886 442
737 886 441
738 886 441
739 886 441
740 886 441
741 887 441
742 887 441
743 887 440
744 887 440
745 887 440
746 887 440
747 887 441
748 887 441
749 887 441
750 887 441
751 887 441
752 887 441
753 887 441
754 887 441
755 887 441
756 887 441
757 887 441
758 887 441
759 887 441
760 887 441
761 887 441
762 887 440
763 888 440
764 888 441
765 888 441
766 888 441
767 888 441
768 888 441
769 888 441
770 888 441
771 888 441
772 888 441
773 888 441
774 888 441
775 888 441
776 888 441
777 888 441
778 888 441
779 888 441
780 888 441
781 888 441
782 888 441
783 888 440
784 888 440
785 888 440
786 888 440
787 888 440
788 888 440
789 888 440
790 888 440
791 888 439
792 888 439
793 888 440
794 888 440
795 888 440
796 888 439
797 888 439
798 888 439
799 888 440
800 888 440
801 888 440
802 888 440
803 888 440
804 888 440
805 888 440
806 888 440
807 888 440
808 888 440
809 888 440
810 888 440
811 887 440
812 887 439
813 887 439
814 887 439
815 887 439
816 887 439
817 887 439
818 887 439
819 887 439
820 887 439
821 887 439
822 888 439
823 888 439
824 888 438
825 888 437
826 888 437
827 888 437
828 888 436
829 889 436
830 889 435
831 889 435
832 889 434
833 890 434
834 890 434
835 890 435
836 890 435
837 890 435
838 890 436
839 890 436
840 890 436
841 890 436
842 891 436
843 891 436
844 891 436
845 891 437
846 891 437
847 891 438
848 892 438
849 892 438
850 892 438
851 892 438
852 892 438
853 893 438
854 893 438
855 893 438
856 894 438
857 894 438
858 894 439
859 894 439
860 895 438
861 895 438
862 896 438
863 896 438
864 897 437
865 898 437
866 898 436
867 899 436
868 900 436
869 900 435
870 901 435
871 901 434
872 902 434
873 902 434
874 902 433
875 903 432
876 903 431
877 904 431
878 904 430
879 904 430
880 904 429
881 904 429
882 904 428
883 904 427
884 904 427
885 904 426
886 904 426
887 904 426
888 904 426
889 905 425
890 905 425
891 905 425
892 905 425
893 905 424
894 905 424
895 905 424
896 905 424
897 906 424
898 906 423
899 906 423
900 906 423
901 906 423
902 906 422
903 906 422
904 906 422
905 906 422
906 906 421
907 905 421
908 905 420
909 905 420
910 905 420
911 905 420
912 905 420
913 905 419
914 904 419
915 904 418
916 904 418
917 904 418
918 904 418
919 904 417
920 903 417
921 903 417
922 903 417
923 903 416
924 903 416
925 903 416
926 903 415
927 903 415
928 903 415
929 903 415
930 903 414
931 903 414
932 902 414
933 902 414
934 902 414
935 902 414
936 902 414
937 902 414
938 902 414
939 902 413
940 902 413
941 902 414
942 902 414
943 902 414
944 901 414
945 901 413
946 901 413
947 901 413
948 901 413
949 901 413
950 901 413
951 901 413
952 900 413
953 900 413
954 900 413
955 900 413
956 900 413
957 900 413
958 899 413
959 899 414
960 899 414
961 899 414
962 899 414
963 899 414
964 898 414
965 898 414
966 898 414
967 898 414
968 898 415
969 898 415
970 898 415
971 898 415
972 897 415
973 897 416
974 897 416
975 897 416
976 897 416
977 897 416
978 897 417
979 896 417
980 896 417
981 896 417
982 896 417
983 896 418
984 896 418
985 896 418
986 896 418
987 896 418
988 896 419
989 896 419
990 896 419
991 896 419
992 896 420
993 896 420
994 896 420
995 896 420
996 896 420
997 896 420
998 896 421
999 896 421
1000 896 421
1001 904 421
1002 896 421
1003 895 421
1004 895 421
1005 895 422
1006 895 422
1007 895 422
1008 895 422
1009 895 423
1010 895 423
1011 895 423
1012 895 423
1013 895 424
1014 895 424
1015 895 424
1016 895 424
1017 895 425
1018 895 425
1019 895 425
1020 895 425
1021 895 425
1022 895 425
1023 895 426
1024 895 426
1025 895 426
1026 895 426
1027 895 427
1028 895 427
1029 895 427
1030 895 427
1031 895 428
1032 895 428
1033 895 428
1034 895 428
1035 895 429
1036 894 429
1037 895 429
1038 894 429
1039 895 430
1040 895 430
1041 895 430
1042 895 430
1043 895 430
1044 895 431
1045 895 431
1046 895 431
1047 895 431
1048 895 431
1049 895 432
1050 895 432
1051 895 432
1052 895 432
1053 895 433
1054 895 433
1055 895 433
1056 895 433
1057 895 433
1058 895 433
1059 895 433
1060 895 434
1061 895 434
1062 895 434
1063 895 434
1064 895 434
1065 895 434
1066 896 434
1067 896 434
1068 896 434
1069 896 433
1070 896 433
1071 896 433
1072 897 433
1073 897 433
1074 897 433
1075 897 433
1076 897 432
1077 897 432
1078 898 432
1079 898 432
1080 898 432
1081 898 432
1082 898 432
1083 898 431
1084 898 431
1085 899 431
1086 899 431
1087 899 431
1088 899 431
1089 899 430
1090 899 430
1091 899 430
1092 899 430
1093 899 430
1094 899 430
1095 899 430
1096 899 430
1097 899 430
1098 899 430
1099 899 430
1100 899 430
1101 899 430
1102 899 430
1103 899 430
1104 899 431
1105 899 431
1106 899 431
1107 899 431
1108 898 432
1109 897 434
1110 896 435
1111 896 436
1112 895 437
1113 894 437
1114 894 437
1115 893 437
1116 893 437
1117 893 437
1118 893 436
1119 893 436
1120 893 436
1121 893 435
1122 893 435
1123 893 435
1124 893 434
1125 894 434
1126 894 434
1127 894 434
1128 894 434
1129 894 434
1130 894 434
1131 894 434
1132 894 433
1133 894 433
1134 894 433
1135 894 433
1136 894 433
1137 894 433
1138 894 433
1139 894 433
1140 894 433
1141 894 433
1142 893 433
1143 893 433
1144 893 433
1145 893 433
1146 893 433
1147 893 433
1148 893 434
1149 893 434
1150 893 434
1151 893 434
1152 893 435
1153 893 435
1154 893 435
1155 893 435
1156 893 435
1157 893 435
1158 893 435
1159 893 435
1160 893 435
1161 893 435
1162 893 435
1163 893 435
1164 893 435
1165 894 435
1166 894 435
1167 894 435
1168 894 435
1169 894 435
1170 894 436
1171 894 436
1172 894 436
1173 894 436
1174 894 436
1175 895 436
1176 895 436
1177 894 436
1178 894 436
1179 894 436
1180 895 436
1181 895 436
1182 895 436
1183 895 436
1184 895 436
1185 895 436
1186 895 436
1187 895 435
1188 896 435
1189 896 435
1190 896 435
1191 896 435
1192 896 435
1193 897 435
1194 897 434
1195 897 434
1196 897 434
1197 897 434
1198 897 434
1199 898 433
1200 898 432
1201 898 432
1202 898 432
1203 898 432
1204 898 431
1205 898 431
1206 898 431
1207 898 431
1208 898 431
1209 898 431
1210 898 431
1211 898 431
1212 897 432
1213 897 432
1214 897 432
1215 897 432
1216 896 432
1217 896 432
1218 896 432
1219 896 432
1220 896 432
1221 895 433
1222 895 433
1223 895 433
1224 895 433
1225 895 432
1226 895 432
1227 895 432
1228 895 432
1229 895 433
1230 894 433
1231 894 433
1232 894 433
1233 894 433
1234 894 433
1235 894 432
1236 894 432
1237 894 432
1238 894 432
1239 894 432
1240 893 432
1241 893 432
1242 893 432
1243 893 432
1244 893 431
1245 893 431
1246 893 431
1247 893 431
1248 892 431
1249 892 431
1250 892 431
1251 892 431
1252 892 431
1253 892 431
1254 892 430
1255 893 430
1256 893 430
1257 892 430
1258 892 431
1259 891 431
1260 891 432
1261 891 432
1262 891 431
1263 891 431
1264 891 431
1265 891 431
1266 891 430
1267 891 430
1268 891 430
1269 890 430
1270 890 430
1271 890 430
1272 890 429
1273 890 429
1274 890 428
1275 890 428
1276 889 428
1277 889 428
1278 889 428
1279 889 427
1280 889 427
1281 889 426
1282 889 426
1283 889 425
1284 889 425
1285 889 425
1286 889 424
1287 889 424
1288 889 424
1289 889 423
1290 889 423
1291 890 422
1292 890 422
1293 890 422
1294 890 421
1295 890 421
1296 891 421
1297 891 421
1298 891 421
1299 891 421
1300 891 421
1301 892 421
1302 892 420
1303 892 420
1304 892 420
1305 892 420
1306 892 420
1307 893 420
1308 893 421
1309 893 421
1310 893 421
1311 893 420
1312 893 420
1313 894 420
1314 894 420
1315 894 420
1316 894 421
1317 894 421
1318 895 420
1319 895 420
1320 895 420
1321 895 420
1322 895 420
1323 896 421
1324 896 421
1325 896 421
1326 896 421
1327 896 422
1328 896 422
1329 896 422
1330 896 422
1331 896 422
1332 896 422
1333 897 422
1334 897 423
1335 897 423
1336 897 423
1337 897 423
1338 897 423
1339 897 424
1340 898 424
1341 898 424
1342 898 424
1343 898 424
1344 898 423
1345 899 424
1346 899 424
1347 899 424
1348 899 425
1349 899 425
1350 899 425
1351 899 425
1352 899 425
1353 899 425
1354 899 426
1355 899 427
1356 899 427
1357 899 427
1358 899 427
1359 899 428
1360 899 428
1361 899 428
1362 899 428
1363 899 428
1364 899 429
1365 899 429
1366 900 429
1367 900 429
1368 900 429
1369 900 429
1370 900 429
1371 901 429
1372 901 429
1373 901 429
1374 901 429
1375 902 430
1376 902 430
1377 902 430
1378 902 430
1379 902 430
1380 902 430
1381 902 431
1382 902 431
1383 902 431
1384 903 431
1385 903 431
1386 903 431
1387 903 431
1388 903 431
1389 903 431
1390 903 431
1391 903 431
1392 903 431
1393 903 431
1394 903 431
1395 903 431
1396 903 431
1397 902 431
1398 902 431
1399 902 431
1400 902 431
1401 902 431
1402 902 431
1403 902 431
1404 902 431
1405 902 431
1406 902 431
1407 902 431
1408 902 431
1409 902 431
1410 902 431
1411 902 431
1412 902 431
1413 903 430
1414 903 430
1415 903 430
1416 903 430
1417 903 430
1418 903 430
1419 903 430
1420 903 429
1421 903 429
1422 903 429
1423 903 429
1424 903 429
1425 903 429
1426 903 429
1427 903 429
1428 903 429
1429 903 429
1430 903 429
1431 903 428
1432 903 428
1433 903 428
1434 903 428
1435 903 428
1436 903 428
1437 903 428
1438 903 428
1439 903 428
1440 903 428
1441 903 428
1442 902 428
1443 902 429
1444 902 430
1445 901 431
1446 901 431
1447 901 432
1448 900 432
1449 900 433
1450 899 433
1451 899 433
1452 899 433
1453 899 433
1454 898 434
1455 897 434
1456 897 435
1457 897 435
1458 896 435
1459 896 435
1460 896 435
1461 896 435
1462 895 436
1463 895 436
1464 894 436
1465 894 436
1466 894 436
1467 894 436
1468 894 436
1469 893 436
1470 893 436
1471 893 436
1472 893 436
1473 893 436
1474 893 436
1475 893 436
1476 892 436
1477 892 436
1478 892 436
1479 892 436
1480 892 436
1481 892 436
1482 892 436
1483 892 436
1484 892 436
1485 892 436
1486 892 436
1487 892 437
1488 892 437
1489 892 437
1490 892 437
1491 892 437
1492 892 437
1493 892 437
1494 892 437
1495 892 437
1496 892 437
1497 892 437
1498 892 437
1499 892 437
1500 892 437
1501 892 437
1502 892 438
1503 893 438
1504 893 438
1505 893 438
1506 893 438
1507 893 438
1508 893 438
1509 893 438
1510 893 438
1511 893 438
1512 893 438
1513 894 438
1514 894 438
1515 894 438
1516 894 438
1517 894 438
1518 894 438
1519 894 438
1520 894 437
1521 894 437
1522 894 437
1523 894 437
1524 894 437
1525 893 437
1526 893 437
1527 893 437
1528 892 437
1529 892 437
1530 892 437
1531 892 437
1532 891 436
1533 891 436
1534 891 435
1535 890 435
1536 890 434
1537 889 434
1538 889 433
1539 888 433
1540 887 433
1541 886 432
1542 886 432
1543 885 432
1544 884 431
1545 883 431
1546 883 431
1547 882 430
1548 882 429
1549 882 429
1550 881 428
1551 881 428
1552 881 428
1553 880 428
1554 880 427
1555 880 427
1556 880 427
1557 880 427
1558 880 427
1559 881 426
1560 881 426
1561 881 426
1562 881 426
1563 881 425
1564 882 425
1565 882 425
1566 882 426
1567 882 426
1568 882 426
1569 882 425
1570 882 425
1571 883 425
1572 883 425
1573 883 425
1574 883 424
1575 884 424
1576 884 424
1577 884 424
1578 884 425
1579 884 425
1580 885 425
1581 885 425
1582 885 425
1583 886 424
1584 886 425
1585 886 425
1586 886 425
1587 886 425
1588 887 425
1589 887 425
1590 887 425
1591 887 425
1592 888 425
1593 888 425
1594 888 425
1595 888 425
1596 888 426
1597 888 426
1598 888 426
1599 888 426
1600 889 426
1601 889 426
1602 889 426
1603 889 426
1604 889 426
1605 889 426
1606 890 426
1607 890 426
1608 890 426
1609 890 426
1610 890 426
1611 890 427
1612 890 427
1613 890 427
1614 890 427
1615 890 427
1616 890 428
1617 890 428
1618 890 428
1619 891 428
1620 891 428
1621 891 428
1622 891 428
1623 891 428
1624 891 428
1625 891 428
1626 891 428
1627 891 428
1628 891 428
1629 891 428
1630 891 428
1631 892 428
1632 892 428
1633 892 428
1634 892 427
1635 892 427
1636 892 427
1637 892 427
1638 892 427
1639 892 427
1640 893 426
1641 893 426
1642 893 426
1643 893 426
1644 893 426
1645 893 426
1646 893 426
1647 893 426
1648 893 426
1649 893 426
1650 894 426
1651 894 426
1652 894 426
1653 894 426
1654 894 426
1655 894 426
1656 894 427
1657 894 427
1658 894 427
1659 894 427
1660 894 427
1661 894 427
1662 894 428
1663 894 428
1664 894 428
1665 894 428
1666 894 428
1667 894 429
1668 894 429
1669 893 429
1670 893 429
1671 893 429
1672 893 430
1673 893 430
1674 893 430
1675 893 430
1676 893 431
1677 893 431
1678 893 431
1679 893 431
1680 893 431
1681 893 431
1682 893 431
1683 892 432
1684 892 432
1685 892 432
1686 892 432
1687 892 432
1688 892 432
1689 892 432
1690 892 432
1691 892 432
1692 892 433
1693 892 433
1694 892 433
1695 892 433
1696 892 433
1697 892 433
1698 892 433
1699 892 433
1700 892 433
1701 892 433
1702 892 433
1703 892 433
1704 892 433
1705 892 433
1706 892 433
1707 892 433
1708 892 433
1709 892 434
1710 892 434
1711 892 434
1712 892 434
1713 892 434
1714 892 434
1715 892 435
1716 892 435
1717 892 435
1718 892 435
1719 892 435
1720 893 435
1721 893 435
1722 893 435
1723 893 434
1724 893 434
1725 894 434
1726 894 433
1727 894 433
1728 894 433
1729 894 433
1730 894 433
1731 894 433
1732 894 432
1733 894 432
1734 894 433
1735 894 433
1736 893 434
1737 893 435
1738 892 436
1739 892 437
1740 891 437
1741 891 437
1742 891 437
1743 891 437
1744 891 437
1745 890 437
1746 891 437
1747 891 437
1748 891 437
1749 891 437
1750 891 437
1751 891 437
1752 891 437
1753 891 437
1754 891 437
1755 892 438
1756 892 438
1757 892 438
1758 892 438
1759 892 438
1760 893 438
1761 893 438
1762 893 438
1763 893 438
1764 893 438
1765 894 438
1766 894 438
1767 894 438
1768 894 438
1769 894 438
1770 894 438
1771 894 438
1772 894 437
1773 894 437
1774 894 437
1775 894 437
1776 895 437
1777 895 436
1778 895 436
1779 895 436
1780 895 436
1781 895 436
1782 895 436
1783 895 436
1784 895 436
1785 895 435
1786 895 435
1787 895 435
1788 895 435
1789 895 434
1790 895 434
1791 895 434
1792 895 434
1793 895 434
1794 895 434
1795 895 434
1796 895 434
1797 895 434
1798 895 434
1799 895 434
1800 895 434
1801 895 434
1802 895 434
1803 895 434
1804 895 434
1805 895 434
1806 895 434
1807 895 433
1808 895 434
1809 895 433
1810 895 433
1811 895 433
1812 895 433
1813 895 433
1814 895 433
1815 895 433
1816 895 433
1817 895 433
1818 895 433
1819 895 433
1820 895 434
1821 895 434
1822 895 434
1823 895 434
1824 895 434
1825 895 434
1826 895 434
1827 895 434
1828 895 434
1829 895 434
1830 895 434
1831 895 433
1832 895 433
1833 895 433
1834 895 433
1835 895 433
1836 895 433
1837 895 433
1838 895 433
1839 895 433
1840 895 433
1841 895 433
1842 895 433
1843 895 433
1844 895 433
1845 895 433
1846 895 433
1847 895 433
1848 895 433
1849 895 433
1850 895 433
1851 895 433
1852 895 433
1853 895 433
1854 895 433
1855 895 433
1856 895 433
1857 895 433
1858 895 433
