1 734 441
2 734 442
3 734 442
4 734 442
5 734 442
6 734 442
7 734 442
8 734 442
9 734 442
10 734 442
11 734 442
12 734 442
13 734 442
14 734 442
15 734 442
16 734 442
17 734 442
18 734 442
19 734 442
20 734 442
21 734 442
22 734 442
23 734 442
24 734 442
25 734 442
26 734 442
27 734 442
28 734 442
29 734 442
30 734 442
31 734 442
32 734 442
33 734 442
34 734 441
35 734 441
36 734 441
37 734 441
38 734 441
39 734 441
40 734 441
41 734 441
42 734 441
43 734 441
44 734 441
45 734 441
46 734 441
47 734 441
48 734 441
49 734 441
50 734 441
51 734 441
52 734 441
53 734 441
54 734 441
55 734 441
56 734 441
57 735 441
58 734 441
59 734 441
60 735 441
61 734 441
62 734 441
63 734 441
64 734 441
65 734 441
66 734 441
67 734 441
68 734 441
69 734 441
70 734 441
71 734 441
72 734 441
73 734 441
74 734 440
75 734 440
76 734 440
77 734 440
78 734 440
79 734 440
80 734 440
81 734 439
82 734 439
83 734 439
84 734 439
85 734 439
86 734 438
87 734 438
88 734 438
89 734 438
90 734 437
91 734 436
92 734 436
93 734 435
94 734 435
95 734 434
96 735 433
97 735 433
98 735 432
99 736 431
100 736 429
101 736 428
102 736 427
103 737 426
104 737 425
105 737 423
106 737 422
107 738 421
108 738 420
109 738 419
110 738 418
111 738 417
112 739 416
113 739 415
114 739 414
115 739 413
116 739 412
117 739 412
118 740 411
119 740 411
120 740 410
121 740 409
122 740 409
123 740 408
124 740 408
125 740 407
126 740 407
127 740 406
128 740 406
129 740 406
130 740 406
131 740 405
132 740 405
133 740 405
134 740 405
135 740 405
136 740 405
137 740 405
138 740 405
139 740 405
140 739 405
141 739 405
142 739 405
143 739 405
144 739 405
145 739 406
146 739 406
147 739 406
148 738 406
149 738 406
150 738 406
151 738 406
152 738 406
153 738 406
154 738 406
155 737 406
156 737 406
157 737 407
158 737 407
159 737 407
160 737 407
161 737 407
162 737 407
163 736 407
164 736 408
165 736 408
166 736 408
167 736 408
168 736 408
169 736 408
170 736 408
171 736 408
172 736 408
173 737 408
174 737 408
175 737 408
176 737 408
177 737 408
178 737 409
179 737 409
180 737 409
181 737 409
182 737 409
183 737 409
184 737 409
185 737 409
186 737 409
187 737 409
188 737 409
189 738 409
190 738 410
191 738 410
192 738 410
193 738 410
194 738 410
195 738 410
196 738 410
197 738 410
198 738 410
199 738 410
200 738 410
201 738 410
202 738 410
203 738 410
204 738 410
205 738 411
206 738 411
207 738 411
208 738 411
209 738 411
210 738 411
211 738 411
212 738 411
213 738 412
214 738 412
215 738 412
216 738 412
217 738 412
218 738 412
219 738 412
220 738 412
221 738 412
222 738 412
223 738 412
224 738 412
225 738 412
226 738 412
227 738 412
228 738 412
229 738 412
230 738 412
231 739 412
232 739 412
233 739 412
234 739 412
235 739 412
236 740 412
237 740 412
238 740 411
239 740 411
240 740 411
241 741 411
242 741 411
243 741 410
244 741 410
245 742 410
246 742 410
247 742 410
248 743 410
249 743 409
250 744 409
251 744 409
252 744 409
253 745 409
254 745 409
255 746 409
256 747 409
257 747 409
258 748 409
259 748 409
260 749 409
261 749 410
262 750 410
263 751 410
264 751 410
265 752 410
266 753 410
267 753 411
268 754 411
269 755 411
270 755 411
271 756 411
272 757 412
273 758 412
274 759 412
275 760 413
276 760 413
277 761 413
278 762 414
279 763 414
280 764 415
281 765 415
282 766 415
283 767 416
284 769 416
285 770 416
286 771 416
287 772 416
288 773 416
289 774 417
290 775 417
291 776 416
292 777 416
293 778 416
294 778 416
295 779 416
296 779 416
297 780 416
298 780 416
299 780 415
300 781 415
301 781 415
302 781 415
303 781 415
304 781 415
305 781 415
306 781 415
307 781 414
308 781 414
309 781 414
310 780 414
311 780 414
312 780 414
313 780 414
314 779 414
315 779 414
316 779 414
317 778 414
318 778 414
319 778 414
320 778 414
321 777 414
322 777 414
323 777 414
324 777 415
325 776 415
326 776 415
327 776 415
328 775 415
329 775 415
330 775 415
331 774 415
332 773 415
333 773 415
334 772 416
335 771 416
336 771 416
337 770 416
338 769 416
339 769 416
340 768 416
341 767 417
342 766 417
343 766 417
344 765 417
345 764 417
346 764 417
347 763 417
348 762 417
349 762 418
350 761 418
351 761 418
352 760 418
353 760 418
354 759 418
355 759 418
356 758 418
357 758 418
358 758 418
359 757 418
360 757 418
361 756 417
362 755 417
363 755 417
364 754 417
365 754 417
366 753 416
367 752 416
368 751 416
369 751 415
370 750 415
371 749 415
372 748 415
373 747 414
374 746 414
375 746 414
376 745 414
377 744 414
378 743 414
379 741 413
380 740 413
381 740 413
382 739 413
383 738 413
384 737 413
385 737 413
386 736 413
387 735 413
388 734 413
389 734 412
390 734 412
391 733 412
392 733 412
393 732 412
394 732 412
395 731 412
396 731 412
397 730 412
398 730 412
399 730 412
400 729 412
401 729 412
402 728 412
403 728 412
404 727 412
405 727 412
406 726 413
407 726 413
408 725 413
409 724 413
410 724 413
411 724 413
412 723 413
413 723 414
414 723 414
415 722 414
416 722 414
417 722 414
418 722 414
419 721 414
420 721 414
421 721 414
422 721 414
423 721 414
424 721 414
425 721 414
426 721 414
427 721 414
428 721 414
429 721 414
430 721 414
431 721 414
432 721 415
433 722 415
434 722 415
435 722 415
436 722 415
437 722 415
438 722 415
439 722 415
440 722 415
441 722 415
442 722 415
443 722 415
444 722 416
445 721 416
446 721 416
447 721 416
448 721 416
449 720 416
450 720 416
451 720 416
452 719 416
453 719 416
454 719 416
455 719 416
456 719 416
457 719 416
458 719 416
459 719 416
460 719 416
461 719 416
462 720 416
463 720 416
464 720 416
465 720 416
466 721 416
467 721 416
468 721 416
469 721 416
470 721 416
471 722 416
472 722 416
473 722 416
474 722 416
475 722 416
476 722 416
477 723 416
478 723 415
479 723 415
480 723 415
481 723 415
482 723 415
483 723 415
484 723 415
485 723 415
486 723 415
487 723 415
488 723 415
489 723 415
490 723 415
491 723 415
492 724 415
493 724 414
494 724 414
495 724 414
496 725 414
497 725 414
498 725 413
499 726 413
500 726 413
501 727 413
502 728 412
503 728 412
504 729 412
505 730 412
506 730 412
507 731 412
508 732 411
509 732 411
510 732 411
511 733 411
512 733 411
513 733 410
514 733 410
515 734 410
516 734 409
517 734 409
518 734 409
519 734 408
520 733 408
521 733 408
522 733 407
523 733 407
524 733 407
525 733 407
526 733 407
527 732 407
528 732 407
529 732 407
530 732 407
531 732 407
532 731 407
533 731 407
534 731 407
535 731 407
536 731 407
537 731 407
538 731 407
539 730 408
540 730 408
541 730 408
542 730 408
543 730 408
544 730 408
545 730 408
546 730 408
547 730 408
548 730 408
549 730 408
550 730 408
551 730 408
552 730 408
553 730 408
554 730 408
555 730 408
556 730 408
557 730 408
558 730 408
559 731 408
560 731 408
561 731 408
562 731 408
563 731 408
564 731 408
565 731 408
566 731 408
567 731 408
568 731 408
569 731 408
570 731 407
571 731 408
572 731 407
573 731 408
574 731 408
575 732 408
576 732 408
577 732 408
578 732 408
579 732 408
580 732 408
581 732 408
582 732 408
583 732 408
584 733 408
585 733 408
586 733 408
587 733 408
588 733 407
589 734 407
590 734 407
591 734 407
592 734 407
593 734 407
594 734 407
595 734 407
596 734 407
597 734 407
598 735 407
599 735 407
600 735 407
601 735 407
602 735 407
603 735 407
604 735 406
605 735 406
606 735 406
607 735 406
608 735 406
609 735 406
610 735 406
611 735 406
612 735 406
613 734 406
614 734 406
615 734 406
616 733 407
617 733 407
618 733 407
619 733 408
620 733 408
621 733 409
622 732 410
623 732 410
624 732 411
625 732 412
626 731 413
627 731 413
628 731 414
629 731 415
630 731 416
631 731 417
632 731 418
633 731 419
634 731 419
635 731 420
636 731 421
637 731 421
638 731 422
639 731 422
640 731 423
641 731 423
642 731 424
643 731 424
644 731 424
645 731 425
646 731 425
647 731 425
648 731 426
649 731 426
650 731 427
651 731 427
652 731 428
653 731 428
654 731 429
655 731 429
656 731 430
657 731 430
658 731 431
659 731 431
660 731 431
661 731 431
662 731 432
663 731 432
664 731 432
665 731 432
666 731 432
667 731 432
668 731 432
669 731 432
670 731 432
671 731 432
672 730 432
673 730 432
674 730 432
675 730 432
676 730 432
677 730 432
678 730 432
679 730 432
680 730 432
681 730 432
682 730 433
683 730 433
684 730 433
685 730 433
686 730 433
687 730 433
688 730 433
689 730 433
690 730 433
691 730 434
692 730 434
693 730 434
694 731 434
695 731 435
696 731 435
697 731 435
698 731 436
699 731 436
700 732 436
701 732 437
702 732 437
703 732 437
704 732 437
705 732 438
706 733 438
707 733 438
708 733 439
709 733 439
710 733 439
711 734 439
712 734 439
713 734 439
714 734 439
715 734 439
716 734 439
717 734 440
718 734 440
719 734 440
720 734 440
721 734 441
722 734 441
723 734 441
724 734 441
725 734 441
726 734 441
727 734 441
728 734 441
729 734 440
730 734 440
731 734 440
732 734 440
733 733 439
734 733 439
735 733 439
736 734 439
737 734 438
738 734 438
739 734 437
740 734 437
741 734 436
742 734 436
743 734 436
744 734 435
745 734 435
746 734 435
747 734 435
748 733 434
749 733 434
750 733 434
751 733 434
752 733 434
753 733 434
754 733 434
755 733 434
756 733 433
757 732 433
758 732 433
759 732 433
760 732 433
761 732 433
762 732 433
763 732 432
764 732 432
765 732 432
766 733 432
767 733 432
768 733 432
769 733 432
770 733 432
771 733 432
772 733 432
773 733 432
774 733 432
775 733 432
776 733 432
777 734 431
778 734 431
779 734 431
780 734 431
781 734 431
782 734 431
783 734 431
784 734 431
785 734 431
786 734 431
787 734 431
788 734 431
789 734 431
790 734 431
791 734 431
792 734 431
793 733 431
794 733 431
795 733 431
796 733 431
797 733 431
798 733 432
799 733 432
800 733 432
801 733 432
802 733 432
803 733 432
804 733 432
805 733 431
806 733 431
807 733 431
808 733 431
809 733 431
810 733 431
811 733 430
812 733 430
813 733 430
814 733 429
815 733 429
816 733 428
817 733 428
818 733 427
819 733 427
820 733 427
821 733 426
822 733 426
823 733 425
824 733 425
825 733 424
826 734 424
827 734 423
828 734 423
829 734 422
830 734 422
831 734 421
832 734 421
833 734 420
834 734 420
835 735 420
836 735 420
837 735 420
838 735 420
839 735 420
840 735 420
841 735 421
842 736 421
843 736 421
844 736 422
845 736 422
846 736 423
847 737 423
848 737 424
849 737 424
850 737 424
851 738 425
852 738 425
853 739 425
854 739 425
855 739 425
856 740 426
857 740 426
858 741 426
859 741 426
860 742 426
861 742 426
862 743 427
863 744 427
864 744 427
865 745 426
866 746 427
867 746 427
868 747 427
869 748 426
870 748 426
871 749 426
872 750 425
873 750 425
874 750 425
875 751 424
876 751 424
877 751 423
878 751 422
879 751 422
880 751 421
881 751 420
882 751 420
883 751 419
884 751 418
885 751 418
886 751 417
887 751 417
888 751 416
889 751 416
890 751 415
891 752 415
892 752 415
893 752 414
894 752 414
895 752 414
896 752 413
897 752 413
898 752 413
899 752 412
900 752 412
901 752 412
902 752 411
903 752 411
904 752 411
905 752 410
906 751 410
907 751 410
908 750 410
909 750 409
910 750 409
911 749 409
912 749 408
913 749 408
914 748 408
915 748 407
916 748 407
917 747 407
918 747 406
919 747 406
920 747 406
921 746 405
922 746 405
923 746 405
924 746 404
925 746 404
926 745 404
927 745 404
928 745 403
929 745 403
930 745 403
931 745 403
932 744 403
933 744 403
934 744 403
935 744 402
936 744 402
937 743 402
938 743 402
939 743 402
940 743 402
941 743 402
942 743 402
943 743 402
944 743 402
945 743 401
946 742 401
947 742 401
948 742 401
949 742 401
950 741 401
951 741 401
952 741 400
953 741 400
954 741 400
955 740 400
956 740 400
957 740 400
958 739 400
959 739 401
960 739 401
961 739 401
962 738 401
963 738 401
964 738 401
965 738 401
966 738 402
967 737 402
968 737 402
969 737 402
970 737 402
971 737 402
972 736 402
973 736 403
974 736 403
975 736 403
976 736 403
977 735 404
978 735 404
979 735 404
980 735 404
981 735 404
982 735 405
983 734 405
984 734 405
985 734 406
986 734 406
987 734 406
988 734 406
989 734 406
990 734 407
991 734 407
992 734 407
993 734 407
994 734 408
995 733 408
996 733 408
997 733 408
998 733 408
999 733 409
1000 733 409
1001 741 409
1002 733 409
1003 732 410
1004 732 410
1005 732 410
1006 732 411
1007 732 411
1008 732 411
1009 732 412
1010 732 412
1011 731 413
1012 731 413
1013 731 413
1014 731 413
1015 731 414
1016 731 414
1017 731 414
1018 731 415
1019 731 415
1020 731 415
1021 731 415
1022 731 416
1023 731 416
1024 731 416
1025 731 417
1026 731 417
1027 731 417
1028 731 418
1029 731 418
1030 731 419
1031 731 419
1032 731 419
1033 731 420
1034 731 420
1035 731 420
1036 731 421
1037 731 421
1038 731 422
1039 731 422
1040 731 422
1041 731 423
1042 731 423
1043 731 423
1044 731 423
1045 731 424
1046 731 424
1047 731 424
1048 731 424
1049 731 425
1050 731 425
1051 732 425
1052 732 425
1053 732 425
1054 732 425
1055 732 425
1056 732 426
1057 732 426
1058 733 426
1059 733 426
1060 733 426
1061 733 426
1062 733 426
1063 734 426
1064 734 426
1065 734 426
1066 734 426
1067 735 426
1068 735 425
1069 735 425
1070 735 425
1071 736 425
1072 736 425
1073 736 425
1074 737 425
1075 737 424
1076 737 424
1077 737 424
1078 738 424
1079 738 424
1080 738 424
1081 738 424
1082 739 424
1083 739 424
1084 739 424
1085 739 424
1086 739 423
1087 739 423
1088 739 423
1089 739 423
1090 739 422
1091 739 422
1092 739 422
1093 739 422
1094 739 422
1095 739 422
1096 739 422
1097 739 422
1098 739 422
1099 739 422
1100 739 423
1101 740 423
1102 740 424
1103 740 424
1104 740 424
1105 740 424
1106 740 424
1107 740 424
1108 740 424
1109 740 424
1110 740 424
1111 740 423
1112 740 423
1113 740 423
1114 740 423
1115 741 423
1116 741 423
1117 741 422
1118 741 422
1119 742 421
1120 742 421
1121 742 420
1122 743 420
1123 743 419
1124 743 419
1125 743 419
1126 743 418
1127 744 418
1128 744 418
1129 744 417
1130 744 417
1131 744 417
1132 744 416
1133 744 416
1134 744 416
1135 744 416
1136 744 416
1137 744 416
1138 744 416
1139 744 416
1140 743 416
1141 743 416
1142 743 416
1143 743 416
1144 742 416
1145 742 417
1146 742 417
1147 742 417
1148 742 417
1149 742 418
1150 742 418
1151 741 418
1152 741 419
1153 741 419
1154 741 419
1155 741 419
1156 741 419
1157 741 420
1158 741 420
1159 741 420
1160 741 419
1161 741 419
1162 741 419
1163 741 419
1164 741 418
1165 741 418
1166 741 418
1167 741 418
1168 741 418
1169 741 418
1170 741 418
1171 741 418
1172 741 418
1173 741 418
1174 741 418
1175 741 417
1176 741 418
1177 741 418
1178 741 418
1179 741 418
1180 741 417
1181 741 417
1182 742 417
1183 742 417
1184 742 417
1185 742 417
1186 742 417
1187 742 417
1188 742 417
1189 742 416
1190 742 416
1191 743 416
1192 743 416
1193 743 416
1194 743 416
1195 743 416
1196 743 416
1197 743 416
1198 743 415
1199 743 415
1200 743 415
1201 743 415
1202 742 415
1203 742 415
1204 742 415
1205 742 415
1206 742 415
1207 742 415
1208 741 415
1209 741 415
1210 741 415
1211 741 415
1212 741 415
1213 740 415
1214 740 416
1215 740 416
1216 740 416
1217 739 416
1218 739 416
1219 739 417
1220 739 417
1221 738 417
1222 738 417
1223 738 418
1224 738 418
1225 738 418
1226 738 418
1227 738 418
1228 737 418
1229 737 418
1230 737 418
1231 737 418
1232 737 418
1233 737 418
1234 737 418
1235 736 418
1236 736 418
1237 736 418
1238 736 418
1239 735 417
1240 735 417
1241 735 417
1242 735 417
1243 735 417
1244 734 417
1245 734 417
1246 734 417
1247 734 417
1248 734 417
1249 733 416
1250 733 416
1251 733 416
1252 733 416
1253 733 416
1254 733 417
1255 733 416
1256 733 416
1257 732 416
1258 732 416
1259 732 416
1260 732 416
1261 731 416
1262 731 416
1263 731 415
1264 731 415
1265 731 415
1266 731 415
1267 730 414
1268 730 414
1269 729 414
1270 729 413
1271 729 413
1272 729 413
1273 728 412
1274 728 412
1275 728 411
1276 727 411
1277 727 410
1278 727 410
1279 727 409
1280 727 408
1281 727 408
1282 726 407
1283 726 407
1284 727 406
1285 727 405
1286 727 405
1287 727 404
1288 728 403
1289 728 403
1290 728 402
1291 729 402
1292 729 401
1293 729 401
1294 729 401
1295 730 400
1296 730 400
1297 730 400
1298 730 400
1299 731 399
1300 731 399
1301 731 399
1302 731 399
1303 732 399
1304 732 399
1305 732 398
1306 733 398
1307 733 398
1308 733 398
1309 734 398
1310 734 398
1311 734 398
1312 735 398
1313 735 398
1314 735 398
1315 735 398
1316 735 399
1317 736 399
1318 736 399
1319 736 399
1320 736 400
1321 736 400
1322 737 400
1323 737 401
1324 737 401
1325 737 402
1326 737 402
1327 737 402
1328 738 403
1329 738 403
1330 738 404
1331 738 404
1332 738 404
1333 738 405
1334 738 405
1335 738 406
1336 739 406
1337 739 407
1338 739 407
1339 739 408
1340 739 408
1341 740 409
1342 740 409
1343 740 410
1344 740 410
1345 740 411
1346 740 411
1347 740 411
1348 740 412
1349 740 412
1350 740 413
1351 740 413
1352 740 414
1353 740 414
1354 740 415
1355 740 415
1356 740 416
1357 740 416
1358 740 417
1359 740 417
1360 740 418
1361 740 418
1362 740 419
1363 741 419
1364 741 419
1365 741 420
1366 741 421
1367 741 421
1368 742 422
1369 742 422
1370 742 422
1371 742 423
1372 742 423
1373 743 424
1374 743 424
1375 743 425
1376 743 425
1377 743 426
1378 743 426
1379 743 427
1380 744 427
1381 744 427
1382 744 428
1383 744 428
1384 744 428
1385 744 428
1386 744 429
1387 744 429
1388 744 429
1389 744 429
1390 744 429
1391 744 429
1392 744 430
1393 743 430
1394 743 430
1395 743 430
1396 743 430
1397 743 430
1398 743 430
1399 743 430
1400 742 430
1401 742 430
1402 742 430
1403 742 430
1404 742 430
1405 742 430
1406 742 430
1407 742 430
1408 742 430
1409 742 430
1410 742 430
1411 742 430
1412 743 429
1413 743 429
1414 743 429
1415 743 429
1416 743 428
1417 743 428
1418 743 428
1419 743 428
1420 743 428
1421 744 427
1422 744 427
1423 744 427
1424 744 427
1425 744 427
1426 744 427
1427 744 426
1428 743 426
1429 743 426
1430 743 426
1431 743 426
1432 743 426
1433 743 425
1434 743 425
1435 743 425
1436 743 425
1437 743 425
1438 743 425
1439 743 425
1440 743 425
1441 743 424
1442 743 424
1443 743 424
1444 742 424
1445 742 425
1446 742 425
1447 742 424
1448 742 424
1449 742 424
1450 742 424
1451 742 424
1452 742 423
1453 742 423
1454 742 423
1455 742 423
1456 742 423
1457 742 423
1458 742 423
1459 742 423
1460 742 423
1461 742 424
1462 742 424
1463 742 424
1464 742 424
1465 742 424
1466 742 424
1467 742 424
1468 742 424
1469 742 424
1470 742 424
1471 741 424
1472 741 424
1473 741 425
1474 741 425
1475 741 425
1476 741 425
1477 741 425
1478 741 425
1479 741 426
1480 741 426
1481 741 426
1482 741 426
1483 741 426
1484 741 426
1485 741 426
1486 740 427
1487 740 427
1488 740 427
1489 740 427
1490 740 427
1491 740 427
1492 740 427
1493 740 427
1494 740 428
1495 740 428
1496 740 428
1497 740 428
1498 740 428
1499 740 427
1500 740 427
1501 741 427
1502 740 427
1503 741 426
1504 740 426
1505 740 425
1506 740 425
1507 740 425
1508 741 424
1509 741 424
1510 741 424
1511 741 423
1512 741 423
1513 741 422
1514 741 422
1515 741 422
1516 741 421
1517 741 421
1518 741 421
1519 741 420
1520 741 420
1521 741 420
1522 741 419
1523 741 419
1524 741 419
1525 741 419
1526 740 419
1527 740 419
1528 739 418
1529 739 418
1530 738 418
1531 737 418
1532 737 418
1533 736 418
1534 735 417
1535 734 417
1536 733 417
1537 732 417
1538 731 417
1539 729 417
1540 728 417
1541 727 417
1542 725 417
1543 724 417
1544 723 417
1545 721 417
1546 720 417
1547 719 416
1548 718 416
1549 718 416
1550 717 416
1551 716 416
1552 716 416
1553 716 416
1554 715 416
1555 715 416
1556 715 416
1557 715 416
1558 716 416
1559 716 416
1560 716 416
1561 716 416
1562 717 416
1563 717 415
1564 717 415
1565 718 415
1566 718 416
1567 718 416
1568 718 416
1569 719 415
1570 719 415
1571 719 415
1572 719 415
1573 720 415
1574 720 415
1575 720 415
1576 721 415
1577 721 415
1578 721 415
1579 722 416
1580 722 416
1581 723 416
1582 723 416
1583 723 416
1584 724 416
1585 724 416
1586 725 416
1587 725 416
1588 725 416
1589 726 416
1590 726 416
1591 726 416
1592 726 417
1593 727 417
1594 727 417
1595 727 417
1596 727 417
1597 727 417
1598 727 417
1599 727 417
1600 728 417
1601 728 417
1602 728 417
1603 728 417
1604 728 417
1605 729 417
1606 729 417
1607 729 417
1608 729 417
1609 729 417
1610 729 417
1611 729 417
1612 729 417
1613 729 417
1614 729 417
1615 729 417
1616 729 417
1617 729 417
1618 729 417
1619 729 417
1620 729 417
1621 729 417
1622 729 418
1623 729 418
1624 729 418
1625 730 418
1626 730 418
1627 730 418
1628 730 418
1629 730 418
1630 730 418
1631 730 418
1632 730 418
1633 730 418
1634 730 418
1635 730 418
1636 730 418
1637 730 418
1638 730 418
1639 730 417
1640 730 417
1641 730 417
1642 731 417
1643 731 417
1644 731 417
1645 731 417
1646 731 417
1647 731 417
1648 731 417
1649 731 418
1650 731 418
1651 732 418
1652 732 418
1653 732 418
1654 732 419
1655 732 419
1656 732 419
1657 732 419
1658 732 420
1659 732 420
1660 732 420
1661 732 420
1662 732 421
1663 731 421
1664 731 421
1665 731 422
1666 731 422
1667 731 422
1668 731 423
1669 731 423
1670 731 423
1671 731 424
1672 731 424
1673 731 424
1674 731 425
1675 730 425
1676 730 425
1677 730 426
1678 730 426
1679 730 426
1680 730 426
1681 730 427
1682 730 427
1683 730 427
1684 730 427
1685 729 428
1686 729 428
1687 729 428
1688 729 428
1689 729 428
1690 729 428
1691 729 429
1692 729 429
1693 729 429
1694 729 429
1695 729 429
1696 729 429
1697 729 429
1698 729 429
1699 729 429
1700 729 430
1701 729 430
1702 729 430
1703 729 430
1704 729 430
1705 729 430
1706 729 430
1707 729 430
1708 729 430
1709 729 431
1710 729 431
1711 729 431
1712 729 431
1713 729 431
1714 730 432
1715 730 432
1716 730 432
1717 730 432
1718 730 432
1719 730 432
1720 730 432
1721 731 432
1722 731 432
1723 731 432
1724 732 432
1725 732 432
1726 732 432
1727 732 431
1728 733 431
1729 733 431
1730 733 430
1731 733 430
1732 734 430
1733 734 429
1734 734 429
1735 734 429
1736 735 429
1737 735 429
1738 735 429
1739 735 429
1740 736 429
1741 736 430
1742 736 430
1743 736 430
1744 736 430
1745 737 430
1746 737 430
1747 737 430
1748 737 430
1749 738 431
1750 738 431
1751 738 431
1752 738 431
1753 738 432
1754 738 432
1755 739 432
1756 739 432
1757 739 432
1758 739 433
1759 739 433
1760 739 433
1761 739 433
1762 739 433
1763 739 433
1764 739 433
1765 739 433
1766 739 433
1767 739 434
1768 739 434
1769 739 434
1770 739 434
1771 739 434
1772 739 434
1773 739 434
1774 739 434
1775 739 434
1776 739 434
1777 739 434
1778 739 434
1779 739 434
1780 739 434
1781 739 434
1782 739 434
1783 739 433
1784 739 433
1785 739 433
1786 739 433
1787 739 433
1788 739 433
1789 739 433
1790 739 433
1791 739 433
1792 739 433
1793 739 433
1794 739 433
1795 739 433
1796 739 433
1797 739 433
1798 739 433
1799 739 434
1800 739 434
1801 739 434
1802 739 434
1803 739 434
1804 739 434
1805 739 434
1806 739 434
1807 739 433
1808 739 433
1809 739 433
1810 739 433
1811 739 433
1812 739 433
1813 739 433
1814 739 433
1815 739 433
1816 739 433
1817 739 433
1818 739 433
1819 739 433
1820 739 433
1821 739 433
1822 739 434
1823 739 434
1824 739 434
1825 739 434
1826 739 433
1827 739 433
1828 739 433
1829 739 433
1830 739 433
1831 739 433
1832 739 433
1833 739 433
1834 739 433
1835 739 432
1836 738 432
1837 738 432
1838 738 432
1839 738 432
1840 738 432
1841 738 432
1842 738 432
1843 738 432
1844 738 432
1845 738 432
1846 738 432
1847 738 432
1848 738 432
1849 738 432
1850 738 432
1851 738 432
1852 738 432
1853 738 432
1854 738 432
1855 738 432
1856 738 432
1857 738 432
1858 738 432
