1 612 418
2 611 418
3 611 418
4 611 418
5 611 418
6 611 418
7 611 418
8 611 418
9 611 418
10 611 418
11 611 418
12 611 418
13 611 418
14 611 418
15 611 418
16 611 418
17 611 418
18 611 418
19 611 418
20 611 418
21 611 418
22 611 418
23 611 418
24 611 418
25 611 418
26 611 418
27 611 418
28 611 418
29 611 418
30 611 418
31 611 418
32 611 418
33 611 418
34 611 418
35 611 418
36 611 418
37 611 418
38 611 418
39 611 418
40 611 418
41 611 418
42 611 418
43 611 418
44 611 418
45 611 418
46 611 418
47 611 418
48 611 418
49 611 418
50 611 418
51 611 418
52 611 418
53 612 418
54 612 418
55 612 418
56 612 418
57 612 418
58 612 418
59 612 418
60 612 418
61 612 418
62 612 418
63 611 418
64 611 418
65 611 418
66 611 418
67 611 418
68 611 418
69 611 418
70 611 418
71 611 418
72 611 418
73 611 419
74 611 418
75 611 418
76 611 418
77 611 418
78 611 418
79 611 418
80 611 418
81 611 418
82 611 418
83 611 418
84 611 418
85 611 418
86 611 418
87 611 418
88 611 418
89 611 417
90 611 417
91 611 417
92 611 418
93 611 418
94 611 418
95 611 419
96 611 419
97 611 419
98 612 420
99 612 420
100 612 420
101 612 420
102 612 420
103 612 419
104 612 419
105 612 419
106 613 420
107 613 420
108 613 419
109 613 419
110 613 419
111 614 419
112 614 419
113 614 419
114 614 418
115 614 418
116 615 418
117 615 418
118 615 418
119 615 417
120 615 417
121 615 417
122 615 418
123 615 417
124 615 417
125 615 416
126 615 416
127 615 416
128 615 415
129 615 415
130 615 415
131 615 415
132 615 414
133 615 414
134 615 414
135 615 414
136 615 414
137 615 413
138 615 413
139 615 413
140 614 413
141 614 413
142 614 412
143 614 412
144 614 412
145 614 412
146 614 412
147 613 412
148 613 411
149 613 411
150 613 411
151 613 411
152 613 411
153 613 411
154 613 411
155 612 411
156 612 411
157 612 411
158 612 411
159 612 411
160 612 411
161 612 411
162 611 411
163 612 412
164 611 412
165 611 412
166 611 412
167 611 412
168 611 412
169 611 412
170 611 412
171 611 412
172 611 412
173 611 412
174 611 412
175 611 412
176 611 412
177 612 412
178 612 412
179 612 412
180 612 413
181 612 413
182 612 413
183 612 413
184 612 413
185 612 413
186 612 413
187 612 413
188 612 413
189 612 413
190 612 413
191 612 413
192 612 413
193 612 413
194 612 413
195 612 413
196 612 413
197 612 413
198 612 413
199 612 413
200 612 414
201 612 414
202 612 414
203 612 414
204 612 414
205 612 414
206 612 414
207 613 415
208 613 415
209 613 415
210 613 415
211 613 415
212 613 415
213 613 416
214 613 416
215 613 416
216 613 416
217 613 416
218 613 416
219 613 416
220 613 416
221 613 417
222 613 417
223 613 417
224 613 418
225 613 418
226 613 418
227 613 419
228 613 419
229 613 419
230 613 420
231 614 421
232 614 421
233 614 422
234 614 422
235 615 423
236 615 423
237 615 423
238 615 423
239 615 423
240 615 423
241 616 423
242 616 423
243 616 423
244 616 423
245 616 423
246 616 423
247 617 423
248 617 424
249 617 424
250 617 423
251 617 423
252 618 423
253 618 423
254 618 424
255 618 424
256 619 424
257 619 424
258 619 424
259 619 424
260 619 424
261 620 424
262 620 424
263 620 424
264 621 425
265 621 425
266 621 425
267 622 425
268 622 425
269 622 425
270 623 425
271 623 425
272 624 425
273 624 425
274 625 425
275 625 426
276 626 426
277 626 426
278 627 427
279 627 427
280 628 427
281 628 427
282 629 427
283 630 427
284 631 428
285 631 428
286 632 428
287 633 428
288 633 427
289 634 427
290 635 427
291 635 427
292 636 427
293 636 426
294 637 426
295 637 426
296 637 425
297 637 425
298 637 425
299 638 424
300 638 424
301 638 424
302 638 424
303 638 424
304 639 424
305 639 424
306 638 424
307 638 423
308 638 423
309 638 423
310 638 423
311 638 423
312 638 423
313 638 423
314 638 423
315 637 423
316 637 423
317 637 423
318 637 423
319 636 423
320 636 423
321 636 424
322 636 424
323 636 424
324 636 424
325 635 424
326 635 424
327 635 424
328 635 425
329 634 425
330 634 425
331 634 425
332 633 425
333 633 425
334 633 426
335 632 426
336 632 426
337 631 426
338 631 427
339 631 427
340 630 427
341 630 428
342 630 428
343 629 428
344 629 429
345 629 429
346 628 430
347 628 430
348 628 431
349 628 431
350 627 431
351 627 431
352 627 431
353 627 431
354 626 432
355 626 432
356 626 431
357 625 431
358 625 431
359 625 431
360 625 431
361 624 431
362 624 431
363 624 431
364 623 430
365 623 430
366 622 429
367 622 429
368 621 428
369 621 428
370 621 428
371 620 427
372 620 427
373 619 427
374 619 426
375 618 426
376 617 426
377 617 425
378 616 425
379 616 425
380 615 425
381 615 424
382 614 424
383 614 424
384 613 424
385 613 423
386 612 423
387 612 423
388 612 423
389 611 423
390 611 423
391 611 422
392 611 422
393 610 422
394 610 422
395 610 422
396 609 421
397 609 421
398 609 421
399 609 421
400 608 421
401 608 420
402 607 420
403 607 420
404 607 420
405 606 420
406 606 420
407 606 420
408 606 420
409 605 420
410 605 420
411 605 420
412 605 420
413 604 421
414 604 421
415 604 421
416 604 421
417 603 421
418 603 421
419 603 421
420 603 421
421 603 421
422 603 420
423 602 420
424 602 420
425 602 420
426 602 420
427 602 420
428 602 420
429 602 420
430 602 420
431 603 420
432 603 420
433 603 420
434 603 420
435 603 420
436 603 420
437 603 420
438 603 420
439 603 420
440 603 420
441 603 420
442 603 420
443 603 420
444 603 420
445 603 420
446 603 420
447 603 420
448 603 420
449 602 420
450 602 420
451 602 420
452 602 420
453 602 420
454 602 420
455 602 420
456 602 420
457 602 420
458 602 420
459 602 420
460 602 420
461 602 420
462 602 420
463 603 420
464 603 420
465 603 420
466 603 420
467 603 420
468 603 420
469 603 421
470 603 421
471 604 421
472 604 421
473 604 421
474 604 421
475 604 421
476 604 421
477 604 421
478 604 420
479 604 420
480 605 420
481 605 420
482 605 420
483 605 420
484 605 420
485 604 420
486 604 420
487 604 419
488 604 419
489 604 419
490 604 420
491 604 420
492 604 420
493 604 420
494 604 420
495 605 420
496 605 420
497 605 420
498 606 421
499 606 421
500 607 422
501 607 423
502 608 424
503 609 424
504 609 425
505 610 425
506 610 426
507 611 427
508 612 427
509 612 427
510 612 426
511 613 426
512 613 426
513 613 426
514 613 426
515 613 425
516 613 425
517 613 425
518 613 424
519 613 424
520 613 423
521 613 423
522 614 423
523 614 422
524 614 422
525 614 421
526 614 421
527 613 420
528 613 420
529 613 420
530 613 420
531 613 420
532 613 420
533 613 420
534 613 419
535 613 419
536 613 419
537 613 419
538 613 419
539 613 419
540 613 419
541 613 419
542 612 419
543 612 419
544 612 419
545 612 419
546 612 419
547 612 419
548 612 419
549 612 419
550 612 419
551 612 420
552 612 420
553 612 419
554 612 420
555 611 420
556 611 419
557 611 419
558 611 419
559 611 419
560 611 419
561 611 419
562 612 419
563 612 419
564 612 419
565 612 419
566 612 419
567 612 419
568 612 419
569 611 418
570 612 418
571 612 419
572 612 419
573 612 418
574 612 418
575 612 419
576 612 419
577 612 419
578 612 419
579 612 419
580 612 419
581 612 419
582 612 419
583 612 419
584 612 419
585 612 419
586 613 419
587 613 419
588 613 419
589 613 418
590 613 418
591 613 418
592 613 418
593 613 418
594 613 418
595 613 417
596 613 417
597 613 417
598 613 417
599 613 417
600 612 417
601 612 417
602 612 416
603 612 416
604 611 416
605 611 416
606 611 416
607 611 417
608 611 417
609 611 417
610 611 418
611 611 419
612 611 420
613 611 420
614 612 421
615 612 422
616 612 423
617 612 424
618 612 424
619 612 424
620 612 425
621 612 426
622 612 426
623 612 427
624 612 427
625 611 428
626 611 428
627 611 429
628 611 430
629 611 431
630 611 431
631 611 431
632 611 432
633 611 432
634 610 432
635 610 433
636 610 433
637 610 433
638 610 433
639 610 433
640 609 433
641 609 434
642 609 434
643 609 434
644 609 434
645 609 434
646 609 434
647 609 434
648 609 435
649 609 435
650 609 435
651 608 435
652 608 436
653 608 436
654 609 437
655 609 437
656 608 437
657 608 437
658 608 438
659 608 438
660 608 438
661 608 438
662 608 438
663 608 438
664 608 438
665 608 438
666 608 438
667 608 438
668 608 438
669 608 438
670 608 438
671 608 438
672 608 438
673 608 438
674 608 438
675 608 438
676 608 438
677 607 438
678 608 438
679 608 439
680 608 439
681 608 439
682 608 439
683 608 439
684 608 439
685 608 439
686 608 439
687 608 439
688 608 439
689 608 440
690 608 440
691 608 440
692 608 440
693 608 440
694 608 440
695 608 441
696 609 441
697 609 441
698 609 441
699 609 442
700 609 442
701 609 442
702 609 442
703 609 442
704 610 443
705 610 443
706 610 443
707 610 443
708 611 443
709 611 443
710 611 444
711 612 444
712 613 445
713 614 446
714 615 447
715 616 448
716 618 450
717 619 450
718 620 451
719 621 451
720 621 451
721 621 451
722 621 451
723 622 450
724 622 450
725 622 450
726 622 449
727 622 449
728 622 449
729 622 449
730 622 449
731 622 449
732 622 448
733 622 448
734 621 448
735 621 448
736 621 448
737 621 447
738 621 447
739 621 447
740 621 447
741 621 447
742 621 446
743 621 446
744 620 446
745 620 446
746 620 446
747 620 446
748 620 446
749 620 446
750 620 446
751 620 447
752 620 447
753 620 447
754 619 447
755 619 447
756 619 447
757 619 447
758 619 447
759 619 447
760 619 447
761 619 447
762 619 446
763 619 447
764 619 447
765 619 447
766 619 447
767 619 446
768 619 447
769 619 447
770 619 447
771 620 447
772 620 447
773 620 447
774 620 447
775 620 447
776 620 446
777 620 446
778 620 446
779 620 446
780 620 446
781 620 446
782 620 446
783 620 446
784 620 446
785 620 446
786 620 446
787 620 446
788 620 446
789 620 446
790 620 446
791 620 446
792 620 446
793 620 446
794 620 446
795 620 446
796 620 446
797 620 446
798 620 446
799 620 447
800 620 447
801 620 447
802 620 447
803 620 447
804 620 447
805 620 447
806 620 447
807 620 447
808 620 447
809 620 447
810 620 447
811 620 447
812 620 446
813 620 447
814 620 447
815 620 446
816 620 446
817 620 446
818 620 446
819 619 446
820 619 446
821 619 445
822 619 445
823 619 444
824 619 444
825 619 444
826 619 443
827 619 443
828 619 443
829 619 442
830 618 441
831 618 440
832 618 440
833 618 440
834 618 440
835 618 440
836 618 440
837 618 440
838 618 440
839 618 440
840 618 441
841 618 441
842 618 441
843 618 441
844 618 441
845 619 441
846 619 441
847 619 441
848 618 441
849 619 441
850 619 442
851 619 442
852 619 442
853 619 443
854 619 442
855 620 442
856 620 442
857 620 442
858 620 442
859 620 442
860 620 442
861 621 442
862 621 443
863 621 443
864 621 442
865 622 442
866 622 442
867 622 441
868 622 441
869 622 440
870 623 440
871 623 440
872 624 441
873 624 440
874 624 440
875 624 438
876 623 437
877 623 436
878 623 436
879 623 436
880 623 435
881 623 435
882 624 435
883 624 434
884 623 433
885 623 433
886 623 432
887 623 431
888 623 431
889 623 431
890 623 431
891 623 431
892 623 430
893 623 430
894 623 429
895 623 429
896 623 429
897 624 428
898 624 428
899 624 428
900 624 429
901 624 428
902 624 428
903 624 428
904 624 428
905 624 427
906 624 427
907 624 426
908 624 426
909 624 426
910 624 426
911 624 427
912 624 427
913 624 426
914 624 426
915 624 427
916 623 427
917 623 426
918 623 426
919 623 426
920 623 427
921 623 427
922 623 427
923 623 427
924 623 426
925 622 426
926 622 426
927 622 426
928 622 426
929 622 426
930 622 426
931 622 426
932 622 426
933 621 425
934 621 425
935 621 425
936 621 425
937 620 424
938 620 424
939 620 423
940 620 423
941 620 423
942 620 423
943 620 423
944 620 423
945 620 423
946 619 423
947 619 422
948 619 423
949 619 422
950 619 422
951 619 422
952 619 422
953 619 422
954 619 423
955 619 423
956 618 423
957 618 423
958 618 423
959 618 423
960 618 423
961 618 423
962 618 423
963 618 424
964 618 424
965 618 425
966 618 425
967 618 425
968 618 425
969 618 425
970 617 425
971 617 426
972 617 426
973 617 426
974 617 426
975 617 426
976 617 427
977 617 427
978 616 427
979 616 427
980 616 427
981 615 426
982 615 426
983 615 426
984 615 426
985 615 427
986 615 427
987 614 427
988 614 427
989 614 427
990 614 427
991 613 427
992 613 426
993 613 427
994 613 427
995 613 427
996 613 427
997 613 427
998 612 427
999 612 426
1000 612 426
1001 619 426
1002 611 426
1003 611 426
1004 611 426
1005 611 426
1006 610 426
1007 610 426
1008 610 426
1009 610 426
1010 609 425
1011 609 425
1012 609 425
1013 609 426
1014 609 426
1015 609 426
1016 608 426
1017 608 426
1018 608 426
1019 608 426
1020 608 426
1021 608 426
1022 608 426
1023 608 426
1024 608 427
1025 608 427
1026 608 427
1027 608 427
1028 608 427
1029 607 427
1030 607 427
1031 607 428
1032 607 428
1033 607 428
1034 607 428
1035 607 429
1036 607 429
1037 607 429
1038 607 429
1039 607 429
1040 607 429
1041 607 430
1042 607 430
1043 607 430
1044 607 430
1045 607 431
1046 607 431
1047 607 431
1048 607 431
1049 608 431
1050 608 431
1051 608 431
1052 608 432
1053 608 432
1054 608 432
1055 608 432
1056 608 432
1057 609 432
1058 609 433
1059 609 433
1060 609 433
1061 609 433
1062 609 433
1063 609 433
1064 610 433
1065 610 433
1066 610 433
1067 610 433
1068 610 433
1069 610 433
1070 611 433
1071 611 433
1072 612 434
1073 612 434
1074 613 434
1075 613 434
1076 613 434
1077 614 435
1078 614 435
1079 615 436
1080 615 436
1081 615 436
1082 615 436
1083 615 436
1084 615 436
1085 615 436
1086 615 435
1087 615 435
1088 616 435
1089 616 435
1090 616 435
1091 616 435
1092 616 435
1093 616 435
1094 616 435
1095 616 435
1096 616 435
1097 617 435
1098 617 435
1099 617 435
1100 617 436
1101 617 436
1102 617 436
1103 617 436
1104 617 437
1105 617 437
1106 617 437
1107 618 437
1108 618 437
1109 619 437
1110 620 438
1111 620 438
1112 621 438
1113 621 438
1114 622 438
1115 622 438
1116 623 438
1117 623 438
1118 624 437
1119 624 437
1120 624 437
1121 624 436
1122 625 436
1123 625 436
1124 625 436
1125 625 436
1126 625 436
1127 626 436
1128 626 436
1129 626 435
1130 626 436
1131 626 435
1132 626 435
1133 626 436
1134 626 436
1135 626 436
1136 626 436
1137 626 436
1138 626 436
1139 626 436
1140 626 436
1141 626 436
1142 626 436
1143 626 436
1144 626 436
1145 626 436
1146 625 436
1147 625 437
1148 625 437
1149 625 437
1150 625 437
1151 625 438
1152 625 438
1153 625 438
1154 625 438
1155 625 438
1156 625 438
1157 624 438
1158 624 439
1159 624 438
1160 624 438
1161 624 438
1162 624 438
1163 623 438
1164 623 438
1165 623 438
1166 623 437
1167 622 437
1168 622 437
1169 622 437
1170 622 437
1171 622 438
1172 622 438
1173 622 438
1174 622 437
1175 622 437
1176 622 437
1177 622 437
1178 621 437
1179 621 437
1180 622 437
1181 622 437
1182 622 438
1183 622 437
1184 622 437
1185 622 437
1186 622 437
1187 622 436
1188 622 436
1189 622 435
1190 622 435
1191 621 435
1192 622 435
1193 622 434
1194 622 434
1195 622 434
1196 622 434
1197 622 434
1198 622 433
1199 621 432
1200 621 432
1201 621 431
1202 621 431
1203 621 431
1204 621 431
1205 620 430
1206 620 430
1207 620 429
1208 620 429
1209 620 429
1210 619 429
1211 620 430
1212 619 430
1213 619 430
1214 619 430
1215 618 430
1216 618 430
1217 618 431
1218 618 432
1219 619 432
1220 619 433
1221 618 433
1222 618 433
1223 618 433
1224 618 433
1225 618 433
1226 618 434
1227 618 434
1228 618 434
1229 618 434
1230 618 434
1231 617 434
1232 617 434
1233 617 434
1234 617 434
1235 617 434
1236 617 434
1237 617 434
1238 616 434
1239 616 434
1240 616 434
1241 616 433
1242 616 433
1243 616 433
1244 615 433
1245 615 433
1246 615 432
1247 615 432
1248 614 431
1249 614 431
1250 614 431
1251 614 430
1252 614 430
1253 614 430
1254 613 430
1255 613 430
1256 613 429
1257 613 429
1258 613 430
1259 613 430
1260 613 430
1261 613 430
1262 613 430
1263 612 429
1264 612 429
1265 612 428
1266 611 427
1267 611 427
1268 610 426
1269 610 425
1270 610 425
1271 610 424
1272 609 423
1273 609 422
1274 609 422
1275 609 421
1276 609 421
1277 609 420
1278 609 420
1279 609 420
1280 609 420
1281 609 420
1282 609 419
1283 609 419
1284 609 418
1285 609 418
1286 609 417
1287 609 417
1288 610 417
1289 610 416
1290 610 416
1291 610 416
1292 610 415
1293 611 415
1294 611 415
1295 611 415
1296 611 414
1297 612 414
1298 612 414
1299 612 414
1300 612 414
1301 612 414
1302 613 414
1303 613 414
1304 613 414
1305 613 413
1306 613 413
1307 613 413
1308 614 413
1309 614 413
1310 614 413
1311 614 413
1312 614 413
1313 614 414
1314 614 414
1315 614 414
1316 613 414
1317 613 414
1318 613 414
1319 614 414
1320 614 415
1321 614 415
1322 614 415
1323 614 416
1324 614 416
1325 614 416
1326 614 417
1327 614 417
1328 614 417
1329 614 417
1330 614 418
1331 613 418
1332 613 418
1333 613 419
1334 613 419
1335 613 419
1336 613 420
1337 613 420
1338 613 421
1339 613 421
1340 613 422
1341 614 422
1342 613 422
1343 614 423
1344 614 423
1345 614 423
1346 614 424
1347 614 424
1348 614 424
1349 613 424
1350 613 424
1351 613 424
1352 613 425
1353 613 425
1354 613 425
1355 613 426
1356 613 426
1357 613 426
1358 613 427
1359 613 427
1360 613 428
1361 613 428
1362 613 428
1363 613 429
1364 613 429
1365 613 430
1366 613 430
1367 613 430
1368 613 430
1369 613 430
1370 612 431
1371 613 431
1372 613 431
1373 613 431
1374 613 432
1375 613 432
1376 613 432
1377 613 432
1378 613 433
1379 613 433
1380 613 433
1381 613 433
1382 613 433
1383 613 434
1384 613 434
1385 613 434
1386 613 434
1387 613 434
1388 613 434
1389 613 434
1390 612 434
1391 612 434
1392 612 434
1393 612 434
1394 612 435
1395 612 435
1396 612 435
1397 612 435
1398 612 435
1399 612 435
1400 612 435
1401 612 435
1402 612 435
1403 612 435
1404 612 435
1405 612 435
1406 612 435
1407 612 435
1408 612 435
1409 612 435
1410 612 435
1411 612 435
1412 612 435
1413 612 435
1414 612 434
1415 612 434
1416 613 434
1417 613 434
1418 613 434
1419 613 434
1420 613 434
1421 613 434
1422 613 434
1423 613 434
1424 614 434
1425 614 434
1426 614 434
1427 614 433
1428 613 433
1429 613 433
1430 613 433
1431 613 433
1432 613 433
1433 613 433
1434 613 433
1435 613 433
1436 613 432
1437 613 432
1438 613 432
1439 613 432
1440 613 432
1441 613 433
1442 613 433
1443 614 433
1444 614 434
1445 614 434
1446 614 434
1447 615 435
1448 615 435
1449 616 436
1450 617 437
1451 617 438
1452 618 438
1453 619 439
1454 619 439
1455 620 439
1456 620 439
1457 620 439
1458 621 439
1459 621 439
1460 621 440
1461 621 440
1462 622 440
1463 622 440
1464 622 440
1465 623 440
1466 623 440
1467 623 440
1468 623 440
1469 623 440
1470 623 440
1471 623 440
1472 623 440
1473 623 440
1474 623 440
1475 623 440
1476 623 440
1477 623 440
1478 623 440
1479 622 440
1480 622 440
1481 622 440
1482 622 440
1483 622 440
1484 622 440
1485 622 440
1486 622 441
1487 622 441
1488 622 441
1489 622 441
1490 622 441
1491 622 441
1492 622 441
1493 621 441
1494 621 441
1495 621 441
1496 622 441
1497 622 441
1498 622 442
1499 622 442
1500 622 442
1501 622 442
1502 622 442
1503 622 442
1504 622 442
1505 622 442
1506 622 442
1507 622 442
1508 622 442
1509 622 442
1510 622 442
1511 622 442
1512 622 442
1513 622 442
1514 622 442
1515 622 442
1516 622 441
1517 622 441
1518 622 441
1519 622 441
1520 622 441
1521 622 441
1522 622 440
1523 622 440
1524 622 440
1525 622 440
1526 622 440
1527 622 440
1528 621 440
1529 621 440
1530 621 439
1531 620 439
1532 620 439
1533 620 438
1534 619 438
1535 619 437
1536 618 437
1537 617 437
1538 617 436
1539 616 435
1540 615 435
1541 615 435
1542 614 435
1543 613 435
1544 613 434
1545 612 434
1546 611 434
1547 611 433
1548 610 433
1549 610 433
1550 609 432
1551 609 432
1552 608 432
1553 608 431
1554 608 431
1555 607 431
1556 607 431
1557 607 431
1558 607 431
1559 607 431
1560 607 430
1561 607 430
1562 607 430
1563 607 430
1564 607 430
1565 607 429
1566 607 430
1567 607 429
1568 607 429
1569 607 429
1570 607 429
1571 607 429
1572 607 428
1573 607 428
1574 607 428
1575 607 428
1576 607 428
1577 607 428
1578 608 428
1579 608 429
1580 608 429
1581 608 429
1582 609 429
1583 609 429
1584 609 429
1585 609 429
1586 609 429
1587 610 430
1588 610 430
1589 610 430
1590 610 430
1591 610 430
1592 610 430
1593 610 430
1594 611 430
1595 611 430
1596 611 430
1597 611 430
1598 611 430
1599 611 431
1600 611 431
1601 611 431
1602 611 431
1603 611 431
1604 611 431
1605 611 431
1606 611 431
1607 611 431
1608 611 431
1609 611 432
1610 611 432
1611 611 432
1612 611 432
1613 611 433
1614 611 433
1615 611 433
1616 611 433
1617 611 433
1618 611 433
1619 611 433
1620 611 434
1621 611 434
1622 611 434
1623 610 434
1624 610 434
1625 610 433
1626 610 433
1627 610 433
1628 610 433
1629 610 433
1630 609 433
1631 609 433
1632 609 432
1633 609 432
1634 609 432
1635 609 431
1636 609 432
1637 609 432
1638 609 432
1639 609 431
1640 609 431
1641 609 431
1642 609 431
1643 609 431
1644 609 431
1645 609 431
1646 609 431
1647 609 431
1648 609 431
1649 609 431
1650 609 431
1651 609 431
1652 609 431
1653 609 431
1654 609 431
1655 609 432
1656 609 432
1657 609 432
1658 608 432
1659 608 432
1660 608 432
1661 608 432
1662 608 433
1663 608 433
1664 608 433
1665 608 433
1666 608 433
1667 608 434
1668 608 434
1669 607 434
1670 607 434
1671 607 435
1672 607 435
1673 607 435
1674 607 435
1675 607 435
1676 607 436
1677 607 436
1678 607 436
1679 607 436
1680 606 437
1681 606 437
1682 606 437
1683 606 437
1684 606 437
1685 606 437
1686 606 438
1687 606 438
1688 606 438
1689 606 438
1690 606 438
1691 606 438
1692 606 438
1693 606 439
1694 606 439
1695 605 439
1696 605 439
1697 605 439
1698 605 439
1699 605 439
1700 605 439
1701 605 439
1702 605 439
1703 605 439
1704 605 439
1705 605 439
1706 605 439
1707 605 439
1708 605 439
1709 605 440
1710 605 440
1711 605 440
1712 606 440
1713 606 440
1714 606 441
1715 606 441
1716 606 441
1717 606 441
1718 606 441
1719 606 441
1720 607 441
1721 607 441
1722 607 442
1723 607 442
1724 608 442
1725 608 442
1726 608 442
1727 609 442
1728 609 442
1729 610 442
1730 610 442
1731 610 442
1732 611 442
1733 611 442
1734 612 442
1735 613 442
1736 614 443
1737 615 444
1738 616 444
1739 616 444
1740 617 445
1741 617 445
1742 618 445
1743 618 445
1744 619 444
1745 619 444
1746 619 444
1747 619 444
1748 620 444
1749 620 444
1750 620 444
1751 620 444
1752 620 444
1753 621 444
1754 621 444
1755 621 445
1756 621 445
1757 621 445
1758 621 445
1759 621 445
1760 621 445
1761 621 445
1762 621 445
1763 621 445
1764 621 445
1765 620 445
1766 620 444
1767 620 444
1768 620 444
1769 620 444
1770 620 444
1771 620 443
1772 620 443
1773 619 443
1774 619 443
1775 619 442
1776 619 442
1777 619 441
1778 618 441
1779 618 441
1780 618 440
1781 618 440
1782 618 440
1783 618 439
1784 617 439
1785 617 438
1786 617 438
1787 617 438
1788 617 438
1789 617 438
1790 617 438
1791 617 438
1792 617 438
1793 617 438
1794 617 437
1795 617 437
1796 617 437
1797 616 437
1798 616 437
1799 616 437
1800 616 437
1801 616 437
1802 616 437
1803 616 437
1804 616 437
1805 616 437
1806 616 437
1807 616 437
1808 616 437
1809 616 437
1810 616 436
1811 616 436
1812 616 436
1813 616 436
1814 616 436
1815 616 436
1816 616 437
1817 616 437
1818 616 437
1819 616 437
1820 616 437
1821 616 437
1822 616 437
1823 616 437
1824 616 437
1825 616 437
1826 616 437
1827 616 437
1828 616 437
1829 616 437
1830 616 437
1831 616 437
1832 616 437
1833 616 438
1834 616 438
1835 616 438
1836 616 438
1837 616 438
1838 616 438
1839 616 438
1840 616 438
1841 616 438
1842 616 438
1843 616 438
1844 616 438
1845 616 438
1846 616 438
1847 616 438
1848 616 438
1849 616 438
1850 616 438
1851 616 438
1852 616 438
1853 616 438
1854 616 438
1855 616 438
1856 616 438
1857 616 438
1858 616 438
